327
 894
 286
 125
 451
 933
 361
 291
 420
  51
 573
 740
 152
  12
 609
 325
 133
 307
  11
 641
 178
 631
 335
 888
 101
  28
 236
 383
1014
  76
 401
  57
 865
 787
 848
 840
 321
 601
 613
 799
 386
 434
 704
 719
 421
 929
 643
 964
 902
 620
  53
 490
 826
 406
 727
 725
 167
 884
 102
 391
 255
 581
 265
 852
 907
 690
 755
  58
 468
 579
 264
1001
 113
  42
 367
 370
  64
 299
 706
 223
 560
 237
 172
 890
 563
 453
 232
 455
  47
 645
 649
 689
 875
 243
 525
 585
 992
 949
 919
  27
 320
 825
  55
 148
 684
 452
 842
 956
 245
 120
 229
  45
 247
 672
 931
 214
1013
 375
1017
  98
 300
 545
 369
 857
 665
 216
 786
 241
 912
 388
 669
 131
 469
 473
1012
 151
 503
 234
 927
 146
 480
 958
 757
 864
 571
 536
 744
 461
 496
  24
1023
 657
 951
 203
 993
 792
 666
 377
 607
 671
 749
 562
 816
 312
 867
 774
 493
 395
 839
  69
 357
 417
 411
  21
 610
 943
 654
 106
 333
  66
  92
 554
 546
 955
 845
  44
 454
 104
 676
 404
 274
  88
 872
 946
 270
 346
 166
 540
 700
 834
 911
 498
 201
 275
 576
  81
 653
 596
 103
 382
 784
 188
 135
 185
 589
 111
 181
  37
 273
 976
 734
 444
 663
 479
 636
  65
 310
 521
 794
 460
 372
 731
 718
 497
 477
 621
  15
 570
 837
 297
 533
 145
 801
  48
 673
 583
 267
 817
 921
  54
 366
 822
1007
 403
 544
 515
 351
 389
 637
 400
 438
 504
 820
 978
 692
  32
 568
 441
 202
 363
 186
 294
 759
 535
 488
   4
 198
 869
 139
 430
 715
 542
 989
  75
 187
 785
 138
  82
 818
 861
 739
1021
 594
 204
 561
 129
 683
 838
 923
 934
 199
 478
 763
 211
 990
 616
 397
 123
 924
 932
 551
 142
 748
1000
 552
1010
 220
 209
 877
 746
 337
 605
 730
 686
 112
 712
 432
 381
 428
 227
 110
 628
 691
 800
  50
 592
  93
  23
 627
  14
 742
   9
 228
 483
 922
 161
 878
 458
 360
 855
 501
 179
 996
 972
 999
 953
 177
  87
 982
 623
  73
 130
 164
 522
 959
 277
  13
 358
 897
1005
 707
 833
 484
 350
 814
 736
  19
 212
 635
 803
 963
 756
 225
  99
 246
 334
 168
 567
 858
 472
 618
 905
 252
 340
 750
 240
 807
 957
 926
 783
 859
 231
 850
1002
 492
  52
 547
 887
 374
 526
 259
1011
 674
 517
 947
 192
 305
 680
 764
 298
   2
1003
 903
 747
 948
 160
 180
 284
 317
 530
 193
 543
  91
 703
  33
1022
 699
 650
 414
 642
 219
 416
 311
 557
 985
 940
 652
 928
 910
  31
 629
 659
 830
 323
 121
 379
 378
 638
 491
 941
 588
 968
 900
 147
 304
 811
 426
 462
 716
 821
 675
 860
 431
 775
 695
 717
 308
 615
 336
1024
 732
 456
 805
 662
 751
 851
 790
 737
 723
 502
 159
 463
 256
 387
 415
  96
 810
 171
 282
 625
 836
 721
 258
 971
 606
 475
 392
1020
  36
  39
 342
 418
  26
 518
 920
 384
 364
 183
 345
 879
 495
 998
 651
 126
 457
 678
 194
 981
 500
 134
 873
1008
 124
  22
 424
 969
 580
 318
  72
 587
 348
 688
 174
 513
 322
 100
 883
 516
 550
 445
 797
 754
 806
 523
 681
 398
 319
 796
 251
 898
 272
 505
 331
 324
 365
 886
  62
 882
 780
 362
 909
 871
 328
 597
   5
 293
  41
 257
 288
 423
 960
 559
 510
 332
 777
 189
 250
 218
 217
 155
 197
  61
  80
 574
 906
 781
 271
 866
 769
   6
 427
 108
  78
 773
 961
 997
 464
   7
 230
 474
 935
 895
 939
 974
 815
 979
 640
 761
 163
 713
 224
 698
 632
 196
 831
 122
 242
 564
 407
 446
 565
 153
 819
 109
  30
 868
 549
 962
 633
 791
 661
 338
 954
 812
 847
 677
 149
 881
 793
 412
 735
 116
 190
 952
  46
 844
 380
 292
 789
 326
 710
 486
 368
 778
 603
 287
 301
 459
 893
 529
 566
 200
 413
 942
 591
 694
 693
  90
 262
 569
 611
 422
 634
 595
  63
 296
 114
 648
 393
 685
 261
 248
 991
 624
 853
 527
 988
 664
 436
 467
 442
   8
 899
  40
 499
 977
 808
 173
 711
 341
  29
 150
 169
 804
 208
 409
 687
 600
 210
1009
 832
 520
 302
 390
 408
  68
 330
 745
 614
 753
 950
 154
 936
 207
1004
 511
 494
 127
 347
 514
 655
 482
  97
 507
 534
 741
 973
  85
 132
 354
 528
 622
 572
 447
 722
 967
 205
 918
  35
 235
  59
 644
 524
 841
 306
 128
 889
 914
 280
 980
 771
 944
 143
 144
 656
 435
 260
 295
 915
 465
 913
 760
 917
  95
 433
 355
  84
 437
 925
 705
 626
 314
 254
 107
 313
 309
 762
 450
 140
 849
 195
 577
  89
 376
 222
 191
   3
  17
  79
  77
 448
 509
 221
  49
 578
 170
 726
  70
 141
 425
 828
 846
 165
   1
 829
 593
 253
 916
 604
  10
 938
 970
 396
 802
 443
 646
 371
  74
 752
 880
 263
 870
 487
 439
 670
 788
 329
 701
 639
 702
 184
 485
 738
 548
 983
 470
 714
 405
 908
 489
 238
 724
 733
 289
 798
  43
  20
 410
 541
 770
 279
  18
 824
 508
 896
 303
 904
 519
 281
 175
 158
 823
 137
 233
 582
 901
 965
 206
 373
 162
 619
 856
 278
 118
 729
 658
 290
 885
 285
 697
 556
 863
 344
 892
 862
 986
  86
 385
 532
 269
 343
 660
1018
 612
 283
 575
 772
 975
 930
 768
 599
 835
 876
 945
 558
 598
 531
  25
 481
 809
 782
 316
 966
 117
  16
 119
  83
 466
 813
 115
 394
 402
 215
 708
 399
 315
 584
 891
 249
 668
 156
 647
 617
  56
 539
 419
  60
  71
 994
  94
 590
1019
1016
 765
 276
 213
 512
  38
 538
 356
 608
 471
 353
  34
  67
 984
 105
 602
 157
 720
 874
 244
 476
 743
 728
 266
 586
 226
 758
 506
 854
 776
 843
 352
 795
 630
 682
 449
1015
 349
 995
 766
 440
 359
 268
 696
 667
 709
 182
1006
 679
 136
 555
 937
 429
 779
 987
 537
 239
 176
 767
 553
 827
 339