108
 603
 816
 619
 521
 918
 136
 454
 660
 195
 900
1013
  97
 668
 510
 682
 894
 581
 196
  54
 661
 946
 523
 529
 453
 265
 142
  44
 242
 184
 831
 256
 655
 382
 776
 385
 971
 526
 169
 171
 517
 140
 758
 380
 285
 185
1024
 582
 386
 415
 491
 155
 569
 164
 840
 890
 973
 669
 847
  25
 745
 498
 183
 950
  76
 649
 809
 173
 492
 402
 392
  93
 395
  23
 974
 304
 883
 717
 827
 278
 574
 536
 143
 274
 507
 128
 788
 255
 201
 749
 653
  92
 449
 633
 436
 509
 551
 908
 228
 520
 568
1018
 220
 666
 654
 991
 657
  63
 349
 269
 358
 617
 232
 464
 719
 211
 639
 247
  75
 381
 221
 572
 877
 547
 353
 324
 351
 782
 197
 236
 848
 742
 644
 823
 145
  87
 416
 921
 446
 640
 272
 291
 852
 814
 237
 804
 726
 438
 489
 320
 218
 470
 429
  59
 565
 760
 514
 455
 205
 314
 841
 919
 624
 621
 518
 497
 699
  52
 860
 537
 462
 166
 716
   6
 303
 251
 316
 279
 148
 676
 482
 770
 889
 315
  94
 439
 146
 107
 298
 129
 968
 693
 941
 209
  32
 412
 993
 365
 344
 153
 181
 505
 546
 451
 194
 771
   3
 477
 783
 466
 647
 987
 214
 690
 190
 627
 865
 100
 652
 501
 612
 727
 116
 500
 981
 115
 207
  81
 707
 474
 931
 780
  95
 672
1021
 887
 701
 440
 605
 338
  56
 363
 674
 524
  69
 728
 585
 956
 790
 410
  96
 413
 850
 750
 132
 806
 331
 427
 352
 383
 604
1001
 144
 312
 724
 210
 290
 111
 766
  78
 478
 322
 785
 926
 179
 104
 886
 614
 191
 713
  42
 778
 714
 829
 110
 343
 248
  84
 838
 927
 874
 137
 915
 112
  91
 239
 187
 911
 101
 606
 496
 779
 842
 761
 541
  77
 835
1003
 408
 250
 420
 394
 124
 646
 447
 591
 178
 805
 813
 696
 832
 504
1007
 961
 212
 486
 933
 772
 923
 982
 172
  49
 167
 596
  19
 916
 833
 296
 284
  73
 222
1016
 186
 734
 712
 233
 632
 600
 411
 825
 679
 437
 533
 311
 407
 530
 988
 485
 531
 299
  70
 792
 238
 213
  31
 266
 307
 127
 593
 516
 830
 892
 925
 543
  65
 513
 967
 235
 651
 844
 342
 687
 631
 638
 618
 980
 952
  88
 853
 855
 180
 306
 495
 460
 576
 718
 456
  20
  86
 765
 721
 525
 977
 663
 277
1004
 217
 271
 131
  14
 658
 938
 819
 535
 253
 240
  15
 442
 522
1006
 450
 369
 810
 193
 423
 443
 912
 558
 126
 527
 579
 947
1011
1020
 992
 665
  29
 323
1000
 511
 880
 762
 808
 861
 589
 225
 592
   9
 502
 797
 257
 356
 812
 293
 403
   8
 879
 896
 616
 948
 656
  26
 206
 301
1023
1010
 461
 937
 289
 141
 882
 378
 428
 161
 452
 885
 147
 756
  68
  46
 751
 119
 697
 775
 895
 673
  13
 261
 273
 319
 162
 587
 648
 230
 561
 820
 118
 862
 538
 280
 483
 463
  61
 623
  43
 300
 757
 313
 875
 764
 983
  90
 990
 902
 975
 297
  71
 490
  40
 597
 670
 103
 943
 346
  47
 595
 227
 139
  38
  74
 743
 252
 340
 540
 583
 851
 397
 914
 156
 345
 979
 573
 791
 329
 337
 637
 426
 735
 270
  35
 905
 995
 684
 951
 154
 613
 113
 425
 430
 818
 405
 262
 910
 336
 472
 421
 767
  85
 234
 953
 341
 901
 873
 532
 957
 200
 904
 986
 796
 828
 738
 635
  67
 219
 245
 444
 643
 989
 432
 700
1002
 922
 601
 671
 554
 406
 434
 375
 391
 964
 730
 424
 318
 876
 459
 539
 557
 469
 379
 150
 811
 571
 958
 321
 930
  11
 859
 608
 897
 309
 384
 260
 176
 849
 267
 174
  50
1015
 555
 567
 681
 598
 465
 357
 563
 708
 512
 787
 215
 243
 376
 390
 562
  79
 610
 566
 807
 692
 799
 659
 698
 468
 120
  39
 339
  89
 493
 268
 308
 373
 484
1014
 642
 570
 109
 259
 736
 662
 117
 794
 689
 294
 954
 396
 725
 325
 542
 960
 203
 836
 151
  99
1012
 578
 165
1008
 609
 389
 615
 650
 803
1005
 602
  64
 580
  66
 457
 955
 584
 431
 759
 475
 774
 945
   2
  27
 281
 773
 984
 157
 177
 302
 159
 435
 795
 857
 625
 763
 138
 276
 487
 822
 913
 398
 506
 802
 893
 202
 367
 843
 786
 114
 702
 480
 241
  72
 732
 722
 158
 789
 361
  58
 815
 499
 729
 620
 102
 334
 282
 254
 189
 715
 229
  62
 586
 837
 685
  82
 846
  45
 471
 997
 590
 723
 740
 310
 599
 347
 869
 942
  16
 872
 856
 199
  41
 508
 667
 170
 494
 559
 695
 564
   5
  60
 934
 768
 821
  21
 330
  10
 575
 994
 839
 704
 867
 374
 458
 550
 305
 168
 204
 192
 393
 622
  22
 903
 891
 125
 121
 999
 130
  24
 422
 781
 817
  57
 552
 123
   1
 754
 133
 528
 401
 744
 965
 283
 628
 739
   4
 417
  98
 917
 224
 292
 752
  36
 519
 244
 935
 664
 634
 834
 370
  37
 328
 940
 348
  48
 473
 748
 678
 371
 448
 354
 175
 208
 364
  51
 332
 962
 226
 863
 549
 264
 686
 588
 709
 560
 626
 287
 858
 433
1009
 868
 737
 949
 691
 710
 400
 106
 629
 898
 976
 362
 258
 372
  55
 731
 556
 755
 746
 969
 769
  34
 798
 223
 414
 878
 544
 978
 359
 355
 641
 920
 548
  12
 160
 105
 801
 936
 680
 263
 607
 488
 476
 826
 481
 441
 963
 784
 705
 972
 317
  53
 733
 326
 327
 906
 152
 899
 399
 134
  17
 870
 534
 249
  28
  18
 854
 924
 553
 720
 577
1017
 275
 884
 377
 959
 286
 824
 467
   7
 122
 645
 636
 793
 998
 295
 135
 231
 419
 944
 703
 409
 288
 677
  30
 366
 741
  80
 939
 503
 216
1022
 747
 594
 888
 800
 479
 694
 688
 333
 418
 388
 198
 149
 866
 871
 881
 368
 909
 706
 445
 966
 985
 387
 928
 996
 163
 350
1019
  33
 545
 929
 360
 335
 515
 675
 630
 777
 683
 753
 182
  83
 611
 907
 970
 711
 845
 246
 404
 932
 188
 864