1001
  40
 355
 337
 705
 659
 893
 151
 825
 967
 702
 469
 153
 731
 679
 522
 287
 113
 685
1016
 558
 369
 112
 652
  95
 598
 610
1021
 150
 426
 335
 507
 277
1010
 489
 250
 587
 943
  69
 609
 173
 295
 134
 272
 661
 105
 627
 271
 261
 762
 973
 903
 191
 446
 751
 118
  70
 513
 356
  87
 640
 852
 466
 786
 582
 477
 580
 832
 968
 252
 813
 421
 361
 475
  14
 488
 648
 835
 986
 629
 397
 334
 853
 141
 204
 963
 318
 681
 902
 169
 381
 299
 308
 798
 384
 327
 644
 821
 235
 741
 807
 880
 570
 641
 871
 978
 377
 729
 618
 849
 874
 749
 841
 279
 777
 383
 156
 413
 373
 561
 548
 144
 720
 132
 820
  30
 869
 280
 743
 966
 218
 315
 273
 224
 756
 440
 895
 117
 785
 947
 770
  19
 822
 655
  99
 339
 810
 909
 314
 465
 979
 656
 981
 281
 857
 772
 341
 392
 115
 862
 856
 494
 919
 594
 961
 459
 691
  11
 470
  52
 838
 243
 716
 581
 907
 846
 750
 472
 812
 976
 845
 172
 108
 396
 349
 727
 736
 643
 418
 765
 142
 181
 508
 658
  20
 415
 180
 195
 574
 282
 670
 599
 864
 923
 352
 310
 604
 155
 714
 884
 286
 952
 535
 974
 434
 329
 491
 633
 370
 970
  24
 305
 916
  47
 915
 285
 258
 135
 270
 480
 552
 889
 178
 645
1020
 758
 304
 376
 881
 474
 803
 353
 918
 960
 823
 133
  48
 944
  58
 511
 120
  77
 675
 114
 122
 464
 850
 616
 998
 844
  45
 877
 809
 600
 342
 759
 553
 711
 208
 931
  42
1022
  15
 249
  98
 872
 942
   5
 899
 776
 175
  60
 602
 708
 566
 354
 378
 826
 571
 190
 364
   2
 956
 187
  23
 254
 518
 933
 188
 107
 119
 562
 516
 663
 217
  34
 174
 439
 738
 920
 829
 524
 510
 946
 696
  36
 125
 229
 410
  89
 791
 143
  82
 202
 467
 435
 742
 399
 775
 514
 447
 372
 452
 682
 438
 362
 213
1013
 739
 667
 660
1018
 757
 152
 139
 568
 269
  85
 490
 636
 500
 632
  13
 779
  44
 422
 734
 307
 360
 395
 908
 267
 824
 326
 990
1012
 631
 233
 901
 693
 922
  93
 977
 994
 704
 320
 997
 801
 460
 760
  41
 851
 365
 699
 719
 340
 787
 441
 694
 298
 226
  97
 444
 275
 506
 745
 654
 432
  62
 737
  90
 537
 910
 232
1019
 183
 375
 939
 755
 934
 347
  88
 577
 930
 730
  81
1005
 859
 957
 718
1002
 764
 657
 449
 182
 900
  91
 879
 573
 379
 409
 615
  51
 612
 103
 247
 678
 578
 790
 177
 545
1017
 196
 400
 214
 389
 189
 732
 385
 945
 420
 811
 701
1006
 499
 995
 437
 912
 411
 529
 468
 873
 611
 509
 839
 669
 971
 483
 713
 567
 549
 205
 700
 554
 262
 336
 892
  78
 363
 768
 302
1024
 837
 721
 246
 607
 312
  22
 200
 330
 380
 689
 665
 795
 100
 703
 124
 268
  63
 882
 858
 240
  86
 501
 804
 854
 569
 186
 855
  67
 158
 485
 972
 980
 456
 932
 179
  17
 771
 698
 551
 431
 949
 617
 646
 593
  10
 256
 493
 316
 166
  83
 495
1014
 405
 346
 917
 492
 788
 309
 911
  38
  49
 962
 780
 921
  71
 796
 885
 707
 686
1007
 624
 628
 744
 565
 725
 576
 754
 728
 913
 778
 840
 606
 876
 498
 296
 653
 805
 497
 953
 784
 794
 367
 894
 530
 515
 769
 111
 458
 123
 292
 145
 955
 203
 674
 462
 634
 710
 161
 428
 532
 688
 301
 868
 695
 671
 393
 528
 662
 126
1011
 988
 588
 595
 484
 763
 925
 257
  16
 989
 323
  35
 471
 544
 236
 890
 613
 206
 614
 171
 454
 527
 806
 991
  32
 525
 523
 505
 521
 192
 479
 847
 401
 623
 848
 416
 463
 717
 442
 766
 773
 904
 531
 589
 664
 167
 690
 601
 251
 147
 350
   1
 131
  66
 875
 168
 830
 819
 982
 313
  43
 878
 278
 559
 687
 486
 194
 886
 834
 502
 201
 184
  31
 245
  37
 231
 457
 496
 815
 386
 546
 860
 793
 239
 800
 106
 255
 712
 591
 284
 605
 827
 424
  28
1023
 584
 371
 724
 425
 649
 170
 368
 222
 817
 906
 536
 338
 220
 230
 146
 311
 984
 676
  53
 199
 331
 752
 359
 210
 560
 603
  65
 241
 622
 625
 263
 520
 176
 237
 619
 608
  73
 563
 969
1004
 590
 965
  94
 412
 814
 357
  76
 935
 519
 557
   8
 948
 164
 300
 276
 419
 102
 374
 575
 291
 891
   7
  72
 423
 253
 388
 455
  56
 259
 999
 408
  74
 297
 482
 722
  80
 274
 127
 993
 215
 585
 109
 726
 929
  75
 429
 288
 936
1015
 414
 927
 406
 526
 539
 160
 162
 792
 579
 626
 543
 487
 954
 987
  84
 896
 227
 897
 266
 651
  96
 938
 433
 197
 782
 621
 104
 476
 351
 448
 684
 650
 404
 540
 242
 642
 783
 332
 673
  25
 398
 333
 461
 985
 193
 996
 926
 534
  46
 596
 430
 951
 797
  64
 831
 294
 225
   9
  12
 212
 715
 121
 572
 344
 753
 799
 159
   3
 264
 221
 136
 638
  50
   4
 905
  18
 992
 317
 325
 555
 348
 198
 723
 556
 887
  21
 914
 898
 964
 223
 861
1003
 692
 283
 216
 958
 620
  92
 478
 683
 128
 733
  79
 322
 402
 635
 735
 630
 867
 564
 137
 647
 870
 504
 481
 319
 238
 748
 843
 842
 303
  57
 321
 265
 639
 165
 863
 185
 865
1000
 547
 697
 550
 157
 709
  59
 808
 761
 163
  33
 975
 542
 211
  26
 959
 473
 228
 140
 343
 130
 866
 941
 666
 417
 345
 382
 443
 248
 883
 583
 503
 407
 358
  68
 154
  29
 436
 818
 391
 445
 427
 680
 538
 512
 767
 833
 940
 586
 394
  55
 533
  54
 637
1009
 451
 668
  39
 306
 366
 677
 740
 983
 928
 390
1008
 781
 260
 774
 937
   6
 453
  61
 209
 403
 290
  27
 219
 244
 293
 129
 138
 816
 149
 387
 207
 802
 517
 110
 234
 597
 592
 289
 950
 706
 672
 789
 324
 541
 747
 828
 888
 924
 101
 746
 148
 836
 328
 450
 116