50
115
 67
 94
103
 88
 30
 26
 32
 23
 46
113
106
 35
 85
109
 61
 17
 15
105
 43
 72
 87
104
 41
 86
 98
100
127
 77
 59
 75
117
 37
124
 36
 83
 29
 33
 18
111
121
 42
119
 90
126
 65
 78
 92
 84
 11
 27
 62
 44
 70
 49
 82
 48
 34
123
 60
112
 25
 79
 68
 39
 81
 69
  5
118
101
 89
 10
 24
108
128
  9
102
 22
 95
 21
 45
 80
 74
 96
 71
  2
120
 66
110
 63
 97
 52
 93
 16
114
 91
  3
 99
 28
 55
 53
 40
 56
 51
  7
  1
 38
 57
 54
107
 20
 14
 58
 64
  8
 47
  4
 12
 73
 19
 31
 13
 76
  6
122
125
116