591
1921
1156
 708
1864
 647
 350
 960
1830
 200
2005
1629
1945
 352
 904
1170
1755
1355
1417
1487
 446
 860
1343
2026
 383
1575
 774
 882
1166
 427
1082
 770
 722
 121
1984
1443
1884
 221
1537
1489
1601
 782
1968
 396
 135
 381
 836
1782
 348
1015
1084
1882
 371
1461
1902
 945
 734
 655
1774
1281
 300
 885
1848
1257
2030
 487
  63
1143
 204
1786
 965
 881
1493
 706
 992
1931
1808
1799
 588
1929
1991
1641
1233
 723
 696
  13
  40
 816
 951
 147
 779
1581
1683
 327
1515
1246
 403
1231
1731
 654
 143
1539
1593
1906
1840
1037
 869
 890
 132
1142
1910
 408
1478
1532
1724
1585
 604
 390
 502
1463
 667
 703
 405
1364
 657
 768
 521
1709
2044
1018
1819
1785
1704
1230
1649
 359
 607
 837
1536
 633
2018
1184
 358
1654
  20
  74
 891
 578
1093
 947
1521
1325
1794
1460
1345
1548
 592
1131
 848
 584
1957
1561
1476
 341
 228
 929
 129
 258
1801
 146
1104
 149
 744
1739
1159
1282
1039
1837
1249
 550
 409
1132
1191
 665
1679
2040
1675
1359
 535
1293
 883
 544
1605
1509
1698
1470
 170
 130
1425
1182
1252
1756
 167
 761
1533
 955
 476
 139
 223
1692
 540
1034
1337
 972
 788
1481
 851
1472
1987
 889
 534
1400
1894
1437
1280
  11
1439
1612
 830
 930
 679
1534
 145
 373
 360
 938
  69
1890
   4
1659
 583
 900
1373
 372
 636
 613
1899
 785
 822
 700
2013
1330
 498
 886
1411
1881
 954
1852
 157
 551
 417
1766
1743
1900
  22
1466
 991
 813
 730
1730
1797
 415
1399
 585
 512
1240
 884
1558
 276
 499
 715
1219
 134
 508
 238
 733
 902
 857
1055
 414
 210
2045
1965
 832
 328
1375
1013
 520
1862
1932
 357
 641
1761
 546
  68
1768
 320
 948
1372
 626
 193
1623
1457
1970
1151
1094
 453
 743
 567
 566
 400
 377
1260
1567
1646
1728
   6
 343
   7
1234
1767
1453
 616
 751
 692
1175
 898
1640
1544
 517
1108
  41
 542
  91
  64
 385
1046
 369
1376
 737
1270
 571
 732
1849
1113
1777
1148
1657
1736
1382
1135
1080
 807
 425
 894
1502
 739
 270
 519
 191
 198
  73
 812
1587
 289
 493
1867
1288
1933
1076
  42
 815
1825
1954
 100
 548
1402
1666
 725
  33
1467
1396
1748
1038
1000
1320
 108
 212
  10
 896
 291
 775
 470
1497
 866
 694
   8
1287
 729
  21
1007
1822
1505
 670
 707
 137
1435
 786
 163
1374
1946
1442
  46
 472
1473
 401
 253
 123
1896
 449
1557
1750
1868
 820
1172
  87
  14
1406
  75
 792
 747
1353
 987
 834
 689
1065
1996
1693
 455
  57
1436
1907
1404
  29
 935
1009
 418
1833
1934
1842
1389
 561
 233
1088
2010
1712
1327
1424
 433
 106
1847
1844
 614
1303
1218
 187
1064
1103
2031
1319
 907
 819
 582
 713
 558
 776
 661
1820
 771
 323
1121
 731
1638
  12
 856
  54
1127
 339
 859
 640
 684
 180
1981
1983
 303
1378
1604
 316
1490
 218
2039
1688
1714
1966
  60
1491
1686
1752
1503
1062
 921
1426
 494
2024
1387
1851
1700
1551
1069
 806
 435
1212
1760
1572
1898
 480
1486
 104
 225
 745
2008
1942
1919
1030
1468
 346
 648
1569
 407
1749
 430
1304
1645
1552
1580
1880
1398
1579
 232
1727
1448
 113
 658
1603
 778
1711
 868
  32
1885
 214
  59
1831
 956
1365
 810
  82
2001
1735
1930
1889
 844
 380
 391
1223
1454
1369
 767
1202
 639
1952
 814
 241
 103
 181
1740
1732
  99
 974
  26
 918
 669
1477
1535
 525
1570
 296
1014
 209
1519
1120
  93
 646
1216
1909
1413
1512
1419
1630
 179
 878
 596
1772
1016
  27
 990
 577
 773
 962
1302
1308
1433
 217
1888
1564
 280
1598
1608
 917
1817
 560
1272
2014
  88
 939
 286
 738
 176
1624
 172
 612
 216
 162
1085
 307
1627
  48
 562
 356
1511
  31
 933
1194
1024
 549
1227
1243
 656
1661
1955
1010
 293
 211
 252
 624
 623
 741
 329
 716
  66
 298
1099
1495
  67
1036
1733
1554
1824
 699
 682
1792
 799
 940
 312
 876
 120
2023
1164
 224
 274
 827
1366
 710
1810
 855
 434
1713
1977
 447
  15
 177
 395
 495
 575
 533
 490
 912
1213
1658
  52
 541
  61
 297
  35
 125
1628
1349
 631
1079
1893
 484
1322
 330
  30
 653
 905
1976
 936
1209
1475
1814
1023
1992
 923
 934
1119
1665
1222
1323
1066
1418
1620
1316
1311
 630
1040
 397
  18
1414
 295
 362
1203
1802
1275
1107
 862
1834
 302
 720
 760
1747
1100
 464
 642
 259
1926
1307
1936
1990
1917
1232
 353
 420
 897
1522
1029
1710
 831
1339
 185
 993
1380
 757
 299
1631
 802
1998
1130
1986
1312
  95
 437
 903
1753
 474
1198
 256
 101
1886
 726
 634
1371
 140
 248
1652
 452
 697
 602
 997
1573
 114
 758
1626
 683
1600
 872
1651
 457
1276
1650
1019
1067
 337
1765
 144
1632
 124
1653
 246
 545
1703
 932
 680
1390
 887
1428
 227
 677
1583
1285
1465
1063
1538
2011
 879
1401
 416
 459
 829
  43
1430
1271
 142
 126
 606
1326
1556
2020
 979
1248
 516
 460
1647
 237
 105
 536
 963
1096
1004
 769
 529
1595
1301
1922
 422
 107
  49
1520
1517
1960
 875
1961
1940
1722
 532
1171
1795
 468
 817
 865
  71
1869
 839
1049
1967
1033
1513
 763
1187
 908
1596
 322
 500
  36
1116
 384
 998
1340
1150
1615
 342
 184
 849
 961
1464
 821
 927
1262
 983
 621
 569
1510
1905
1431
 376
1026
 442
1415
1857
 691
 347
 368
1158
 996
 989
1873
1332
 336
 853
 537
 557
1790
 317
1577
1691
 254
1259
 186
 964
 701
1684
2015
 675
1178
 659
   2
 284
1891
 355
 620
 783
 608
1075
1160
 173
1068
1625
 695
1839
 331
1720
1916
 547
1542
 497
1562
 483
1336
 553
 610
1875
1958
1273
 784
 846
1153
 496
1427
 617
  62
  16
1054
 539
1662
1621
  58
 388
  94
 102
1553
1758
 660
 666
 152
 116
1247
1237
1091
1354
1566
 973
 164
 787
1201
1003
1540
 514
 448
 764
 489
2006
 413
 404
1972
1263
 325
1022
 888
 893
1578
 156
1073
 740
 914
1599
 581
1866
1095
2041
 833
1291
 925
 543
1913
 668
 528
1914
1393
1297
 267
 128
 463
1516
 426
1032
 823
 601
1788
 127
 801
 257
1313
 265
1611
 672
 309
 481
2033
1144
 444
 959
1149
1388
 854
  25
1979
 728
 828
 226
 213
1771
 644
1185
 242
1344
 671
 915
1458
 555
1549
1450
1299
1168
 650
1408
 261
1338
1362
1622
 478
1058
1469
 230
1861
1021
1167
 220
 319
2003
1138
 473
1250
 711
  81
  89
1383
 564
1827
 971
1310
 840
 982
1574
1278
 334
1787
1636
1492
1041
1140
1162
1217
  39
 182
1455
1947
 523
 797
1206
  17
 410
1584
1796
 324
1056
1480
 111
 486
1008
 892
1975
 115
 109
 491
1133
1286
 155
1346
1017
 278
 205
  97
1137
  51
 122
1412
1541
1969
 206
1200
 119
1220
 178
 599
1974
1994
 153
1809
 247
1409
 411
1589
1815
1793
1124
 398
1939
 287
1949
 652
2009
1498
1440
 968
2022
 262
 629
 161
 873
1588
1061
 387
1394
 638
1180
1384
 389
  86
1298
1238
1356
 611
1197
  85
1660
 664
1205
 676
 587
1446
1315
 375
 572
 203
 845
 688
2035
 871
 183
1499
1806
1776
1484
1173
 288
1610
 421
 439
1835
 693
 465
1385
 151
 477
1199
   1
1689
 240
 970
 709
1590
1528
 705
1671
 625
1717
 174
 609
   9
 366
1128
1423
2048
1347
1189
1027
1988
 576
 922
1670
 762
1006
 943
1956
 445
1563
 678
 627
1193
1161
2042
 195
1813
1609
 208
1800
1633
 374
 766
1329
2016
1877
1057
1044
 579
1420
 717
2038
2000
1292
 953
 273
1707
 861
1300
1228
1256
1377
1221
1379
1444
1274
1667
1078
 895
1403
 482
1635
 364
 984
1546
 305
 793
 268
 432
1944
  47
 944
1865
1878
 632
 796
2025
2021
 271
1309
 803
 467
 344
  79
1721
 338
 842
1993
 920
  34
 294
 394
 518
 967
1718
 978
1807
1706
1821
1053
 281
1845
 825
1255
1321
1941
1333
1742
1685
1920
 663
 556
1887
1754
 231
1421
1494
1841
1086
 809
1989
 249
1607
1656
1105
 794
1663
1422
 580
 379
 980
 977
1530
1028
1001
1904
 942
1951
 800
1770
 603
 501
1335
2043
 748
1211
 685
 154
1672
 595
1642
1507
 906
1962
1812
1518
 686
 957
 239
2047
1644
 752
 466
 351
1950
 264
1501
1850
 505
 724
1769
 201
 461
 471
1407
1694
1081
 382
1648
 754
1876
1043
1883
1485
 485
  77
1215
1357
 662
1318
1363
1186
 598
1571
  23
  70
 574
1386
 573
1244
1757
 431
1674
 215
 310
1395
1673
1025
1391
1165
1676
 188
1764
 361
2032
 901
1784
 681
 118
   5
1643
 618
 236
1870
 503
1098
 250
1592
1072
1381
1416
 804
 594
1555
1531
1918
 795
1838
1134
2046
1725
1762
1060
 365
 168
 428
1677
1791
1500
1778
 349
1591
 292
 798
1012
  28
 966
1923
 202
1147
1112
1617
1681
  45
1818
 175
 949
1496
  50
 308
1265
1236
 504
2007
 913
1328
1283
1953
1995
 649
 515
 702
1109
1565
1239
 864
1816
1070
 874
 791
 852
1488
 687
 235
 160
 772
 321
1397
 314
1350
  53
1559
1655
1829
1449
1125
 690
1514
1157
1268
1576
 808
 454
 843
 290
1973
1773
 148
 402
1438
1738
 436
1122
 750
 698
1697
 811
 392
1811
 981
1002
1780
1908
1606
 399
1429
1783
2027
 554
  78
1959
 615
1828
 306
 354
1077
 805
1305
 527
1083
 946
 479
 326
 462
1734
 673
 443
2012
 976
 367
1451
1924
 492
 419
 919
1971
1637
1306
1258
 110
1699
 340
 975
 138
 378
1294
1843
 441
1183
1526
1506
1296
 263
1087
1903
 199
1118
  38
1471
2037
  98
 838
1459
1678
 746
1964
 522
1669
1682
 506
 304
1169
1582
 759
 593
 765
1985
1874
1948
1723
1741
1634
1879
 282
1524
2029
1295
1863
1214
1523
1266
1225
1602
1912
1701
 704
1048
1938
 393
 277
 958
 877
 301
 243
1245
1204
1279
2028
1141
 926
 266
 112
 727
 781
 563
 941
1832
1360
1597
 995
 131
1915
1763
1855
1895
1241
1101
1911
1804
 507
1859
1853
1235
1445
1781
 488
 736
 313
 721
1090
 136
2034
 749
 531
1737
1351
   3
 826
  72
 790
 511
 194
 285
1482
 159
1155
1434
 586
1145
1136
1267
1963
 570
1331
 916
 333
1179
 755
 937
1368
 835
 674
1729
1928
1901
1980
1705
 456
 863
 510
1314
 719
1226
 909
 117
 158
 985
 867
 197
1031
1744
1367
1115
1696
1261
 590
 451
1836
 332
1614
 283
 412
 219
 429
 509
  80
1613
 318
1803
1462
 165
1529
1668
1290
 824
1925
 279
1897
 622
1432
1242
1639
1254
 818
 469
 438
1229
1051
1117
1616
1702
1805
 475
1856
1188
1045
1858
 565
1872
1545
1352
1978
 171
1405
1177
1190
1253
 619
1586
 718
 712
1126
  96
 526
 370
1508
1798
 742
1568
 513
1192
 789
 911
1123
1370
1441
 753
1102
1779
 190
 568
 589
1708
 969
1719
1146
1392
 986
 386
1716
 994
1071
 255
 899
1005
 450
1154
  44
1361
 440
1594
1997
 880
 335
 406
1042
 714
1846
1011
1826
 847
 424
1690
1129
 780
1619
1745
  56
 229
1474
 559
  37
  84
1139
 950
1525
 196
 234
  76
1163
1195
 260
  92
1176
2019
  55
 150
 870
1892
2004
1196
 952
1854
 222
1052
1089
1504
 141
 552
1097
 999
 315
1114
 637
1341
1210
 777
1871
1207
 363
 841
 311
 651
1324
 207
1937
1687
1181
1860
1050
  90
1111
  83
1035
1348
1334
1447
1092
 756
1759
1789
 189
 345
  65
 928
2036
2002
1047
 423
1751
1823
1943
 538
 530
 643
1664
1208
 931
1110
 458
1059
 524
1020
 275
  24
 133
1927
1224
1317
1550
1074
1289
1410
 850
1277
1680
1982
  19
1543
 910
1269
1174
1483
1999
 269
1264
1695
 166
1527
1726
1479
1935
 244
 605
1775
1342
1618
 600
1715
1106
1284
1560
 245
 628
 858
1547
 924
1152
1452
1251
 272
 169
1358
 192
 735
 645
 635
2017
 251
 597
1746
1456
 988