 15
105
 50
 31
235
128
131
195
248
 21
 89
229
 74
181
203
 18
207
182
 23
146
145
211
120
 41
159
 64
185
 78
206
106
  3
230
 44
156
219
152
134
 29
100
103
177
198
 86
201
 60
166
123
 81
208
199
138
234
205
130
 17
 72
  1
 36
 22
251
218
 26
 20
 83
222
 45
 51
217
124
184
144
143
 61
 16
142
174
225
245
 90
 34
127
224
183
179
 46
 75
 27
231
202
173
158
 77
117
  7
191
 43
 57
227
136
241
256
196
 14
 80
 66
 82
220
104
228
242
 67
 76
176
 33
 38
125
  6
 71
164
139
160
149
 25
 70
171
111
 85
175
226
119
214
118
133
107
167
155
 97
200
240
250
122
 63
135
 37
232
109
  5
 52
108
210
 39
 54
 48
 69
 92
116
244
 53
246
243
 96
253
187
215
148
247
 93
213
 65
161
147
163
113
150
 94
 28
  8
165
 91
129
 12
170
223
141
193
237
249
 32
 24
 59
168
197
209
 87
 47
236
 98
 95
 35
178
 88
140
 19
114
 73
194
 79
172
126
 30
239
112
157
216
137
162
 13
190
186
188
101
 10
110
238
233
192
 68
 49
154
 40
252
102
212
204
  4
221
 11
 58
 55
169
 56
151
254
  9
 99
 84
 42
121
115
 62
153
189
  2
180
132
255