238
162
117
 15
 50
151
184
206
128
 80
182
133
107
250
 23
209
 84
123
 89
112
 44
169
139
 71
131
236
 83
167
 26
234
 49
 64
241
249
157
 73
 60
 31
191
106
 39
255
 18
194
159
248
230
 17
219
 93
118
116
197
203
148
215
  4
220
 72
122
188
  3
 11
 59
180
200
 76
172
196
161
 21
232
168
160
192
239
120
 90
 33
229
140
235
 99
 14
127
 77
256
253
138
 94
121
 30
  6
199
195
185
 10
 37
 47
  5
  2
 16
145
166
 98
179
102
 79
 46
119
 86
254
149
164
155
240
 25
158
 63
 20
134
132
212
 78
146
 43
108
247
175
 75
130
 62
 56
251
  8
214
221
105
 70
224
222
252
202
 48
231
125
204
183
 22
217
181
210
176
 97
 81
190
165
100
 85
201
109
 69
 12
 45
 65
 53
189
211
129
 74
 66
245
177
142
178
152
113
 58
110
171
 40
 96
 35
186
187
  7
 41
244
213
156
 87
 82
 28
 67
242
 57
208
 42
 34
 36
198
141
 61
 54
147
218
  1
174
115
  9
 19
135
243
154
103
 32
136
205
225
126
137
170
246
150
111
144
114
101
153
 38
124
 68
 51
226
163
223
 13
 91
 92
228
143
 27
173
 95
 52
233
 29
216
 24
207
227
237
 55
193
104
 88
