136
 65
189
115
 84
 29
 60
 27
 91
149
 62
162
204
 75
216
120
128
  3
190
 99
 58
 38
 93
 63
212
154
184
253
 96
 79
 87
221
 41
 37
205
174
176
247
142
168
 24
173
211
181
 81
147
198
125
 19
  8
 80
 22
187
 42
  2
123
223
150
122
155
118
167
 59
 52
 98
 49
 72
 48
104
171
256
130
 97
 88
227
246
220
 61
219
254
 83
197
 54
224
 89
 86
183
 31
126
 40
106
 73
 15
210
137
 55
164
114
157
 32
161
129
195
213
233
152
217
237
 64
178
248
170
169
207
133
 57
143
203
  9
 35
172
 71
 16
 26
225
 10
135
 34
 51
153
177
 12
151
 13
 46
 50
245
105
140
193
250
158
103
234
230
  1
138
 77
209
 94
229
121
208
188
175
 36
163
  4
 85
100
240
 39
232
 11
 18
196
107
239
 20
127
249
 74
119
109
214
186
 25
110
182
124
 47
 70
  6
 66
 69
160
185
252
 76
242
116
139
108
179
194
228
148
180
166
 21
 45
 23
111
 56
218
206
  5
 43
236
201
 28
255
 90
101
145
200
 95
191
 68
 53
244
 14
156
 67
231
 30
 82
113
 33
102
144
146
134
 17
 92
202
251
141
241
132
243
235
165
222
 78
117
192
131
215
159
  7
 44
226
199
112
238