223
 81
 41
188
 87
248
180
 29
102
201
 98
 77
 11
 19
146
 58
 91
101
253
 66
 38
 22
 80
236
145
 73
 47
198
  2
125
 79
112
 25
 88
133
 28
 86
 78
 27
 95
220
192
 89
161
207
 45
 32
 24
182
138
 18
235
 56
157
256
136
 36
197
206
158
194
191
107
 15
204
184
185
200
229
210
 40
 83
255
162
202
109
153
150
 20
 85
240
 99
 72
196
249
 63
  9
116
 74
252
 39
160
216
 90
 67
130
187
156
 13
 55
 69
174
257
 94
226
140
122
118
129
131
144
132
139
110
124
121
217
137
244
 57
  3
120
 46
242
251
215
230
 61
 97
 23
232
243
222
228
 59
176
 33
103
126
154
  5
159
166
 26
237
152
211
 84
106
 44
172
151
135
234
208
111
 31
 75
246
 76
148
186
 65
127
170
218
123
250
 54
119
 71
177
171
134
 68
189
 53
 10
 52
 49
141
 92
  8
 70
115
143
190
 50
224
 12
 64
100
149
179
183
 96
  4
165
178
163
 82
108
169
 34
  7
227
  1
113
247
 21
147
 48
114
193
238
117
221
199
105
205
233
 51
175
167
128
 93
181
  6
254
225
 37
155
239
 60
 17
241
173
 14
168
209
 42
213
195
 62
231
203
 35
 30
219
245
 16
142
 43
214
212
164
104