 89
124
  2
123
201
203
166
107
120
173
112
243
247
230
 78
 34
151
102
 13
171
 70
 24
138
 92
183
146
174
129
 65
236
198
160
233
103
  4
248
127
169
217
116
 54
226
170
172
 64
 33
 40
205
254
223
 58
 10
 83
 31
 37
 29
222
 26
 57
159
105
182
197
255
  1
 15
110
 90
147
108
 84
 52
122
121
164
 18
 27
219
239
227
117
246
206
 94
137
257
249
212
251
161
180
250
 66
132
 74
185
162
 62
218
237
224
 41
 95
 79
225
 51
 32
104
177
109
191
 28
119
 76
211
192
202
 61
133
167
154
 14
126
 81
 20
153
 55
 53
148
 82
179
140
 96
 38
231
 98
152
  5
139
176
210
 77
163
 99
241
220
157
214
 67
 35
188
134
184
178
118
 56
  8
130
238
128
234
240
244
 88
200
111
253
199
186
 59
229
 86
113
209
 73
 45
193
252
 47
187
228
150
101
245
144
 43
 21
 75
 85
 71
165
221
181
 25
 49
 17
149
155
125
 22
141
100
106
 46
195
 36
168
208
216
 42
 39
145
190
 97
 69
 19
136
204
  9
 50
 68
143
235
 11
 60
194
215
 93
115
256
242
196
213
 23
 48
 16
175
189
 91
142
114
  3
 80
 12
  7
 87
 30
 72
207
158
135
 63
156
  6
 44
131
232