 61
134
232
 71
140
152
159
 12
144
 18
 30
 70
177
105
 52
 45
 47
149
176
161
156
173
205
207
 87
120
221
 95
203
147
138
 53
118
214
237
122
 38
 14
166
146
 77
249
 42
231
 15
238
106
 91
142
100
 13
187
 96
 48
 17
 54
 67
143
178
 50
 28
170
  5
169
 90
233
 40
  8
 79
 85
 33
 57
 23
239
117
202
130
160
245
199
 86
137
 24
 92
162
210
192
222
216
 82
175
 76
141
244
 62
186
213
  2
 97
  4
 43
254
 35
198
168
128
 58
 94
 32
252
107
139
219
108
 88
257
110
 41
131
 78
 60
180
148
 80
 69
 27
 46
179
243
 68
 26
145
111
247
 19
185
229
129
 16
114
241
  3
 65
250
  7
 37
 64
 66
 20
 81
172
208
188
116
 31
126
194
 29
224
 72
 99
217
150
136
  6
119
200
124
132
 89
  1
 25
255
 83
171
 49
 21
206
190
125
 59
 44
 34
204
225
163
246
256
215
223
 10
157
 51
 75
 73
121
191
226
115
234
209
181
183
151
153
 93
155
 74
212
 55
 84
102
 36
227
174
135
103
211
196
112
 63
197
158
165
 98
235
 11
184
101
182
109
228
127
230
253
220
104
 56
113
242
251
167
236
  9
123
133
154
201
240
193
 22
195
164
248
 39
218
189
