145
307
192
409
  1
 35
146
226
412
364
318
209
423
328
230
234
156
 50
246
208
212
204
 27
130
303
338
292
311
186
433
291
435
422
282
499
 19
 22
485
484
  7
447
263
286
473
486
112
169
449
259
 67
320
164
371
150
290
 86
 66
388
377
252
384
244
489
127
493
284
487
159
462
335
102
347
200
123
141
386
 58
331
 49
161
197
 81
379
452
418
190
 71
396
202
245
417
 14
 90
 52
304
243
470
198
 65
 36
220
 96
274
498
 42
400
450
240
223
315
177
149
168
 69
174
482
241
469
134
176
222
 59
115
 98
 28
314
 72
406
325
387
492
163
436
136
166
330
158
296
268
 53
323
210
 12
 30
380
294
306
 64
 20
188
 33
 70
451
276
357
421
426
135
297
 88
361
405
  9
142
431
 93
394
104
148
353
125
213
 51
430
471
383
 62
355
483
179
275
427
439
368
 83
461
  5
103
242
446
420
 47
273
187
 21
 82
231
289
344
491
194
 95
280
 85
218
444
182
454
247
376
438
272
124
466
 63
340
119
221
360
249
310
110
389
415
111
114
 29
358
189
131
 74
390
402
478
255
425
171
269
472
495
332
 60
137
437
343
105
411
121
181
154
 68
 13
348
 10
 11
465
453
 94
 84
  8
203
147
  6
336
281
302
205
191
180
407
126
 17
132
448
404
160
342
334
 89
270
195
443
 15
237
157
207
349
 61
295
 79
253
363
279
201
372
173
440
434
324
239
 38
178
374
393
391
117
301
152
416
 55
319
 44
490
133
293
175
196
248
144
457
403
258
211
128
305
172
283
399
385
337
199
116
235
129
254
 87
428
479
365
101
378
321
432
375
193
285
267
118
260
327
106
 57
299
233
346
459
261
496
143
 45
 92
140
477
  2
151
359
262
333
463
264
339
455
370
356
257
381
441
408
350
113
 26
 18
367
329
 39
 54
122
225
271
316
288
460
277
227
410
 46
362
216
345
 34
232
238
497
464
398
354
413
369
 41
 56
468
445
229
 77
429
475
217
153
419
326
185
139
414
162
313
500
424
109
300
 73
442
266
494
206
224
467
456
108
476
382
 78
 23
236
341
214
397
373
183
 43
309
 31
401
278
 91
 37
298
366
120
  4
287
458
 76
 24
167
 32
 16
322
 80
392
308
107
219
395
215
317
351
 99
165
488
265
312
184
138
100
251
 25
 48
 97
256
155
  3
474
480
 75
481
228
250
170
 40
352