294
350
328
100
269
 75
270
474
137
448
 19
240
271
230
401
304
338
173
229
 35
419
321
461
212
361
281
 36
336
262
143
331
 26
272
317
379
 98
254
117
307
248
170
 32
225
174
217
416
421
482
315
 79
428
476
353
147
446
445
187
214
285
249
152
326
 72
204
306
233
111
 24
122
324
367
 71
 40
161
275
371
119
127
 80
 65
150
442
 37
261
 63
412
 99
 84
228
251
256
196
153
 42
211
355
405
 95
223
101
385
 47
264
238
247
447
460
 20
404
493
184
500
 25
158
 48
172
 91
185
325
 49
 89
483
372
466
435
481
360
 46
491
417
323
 27
298
489
488
 90
352
120
215
457
126
420
458
431
205
408
386
395
478
 87
 30
469
377
188
453
282
410
279
129
155
 69
397
358
389
436
314
154
198
 76
113
164
309
186
109
414
407
 58
130
209
227
475
135
364
376
278
470
244
374
157
426
384
365
103
  2
203
427
  9
375
123
299
159
274
 53
 16
175
 57
 77
258
 38
176
484
268
107
221
316
454
388
356
131
369
208
468
337
242
297
345
167
498
132
471
383
449
255
438
116
300
455
394
418
391
413
 15
287
197
392
277
169
334
105
194
439
218
295
145
128
296
429
499
 22
424
363
160
440
422
 70
140
124
335
  4
141
430
  1
252
403
451
330
487
425
171
 96
276
206
166
  3
231
 13
 14
192
463
346
 55
191
329
138
142
210
303
146
443
189
 12
301
390
 62
241
 43
409
396
  6
305
464
  5
308
250
400
106
339
136
 74
387
201
293
165
286
398
182
283
 93
 10
265
219
495
133
 78
236
472
202
222
148
199
246
485
 68
232
450
322
 29
207
320
378
462
 81
415
 31
 86
134
344
311
267
359
479
348
351
302
370
480
  8
343
382
465
 82
459
121
260
313
179
477
349
 67
190
234
144
497
181
243
224
183
 85
291
402
347
 33
 83
432
253
114
239
 41
434
 28
494
357
289
104
433
 18
 23
 66
340
452
118
312
 50
327
 11
 97
332
368
 44
280
366
163
115
 61
423
380
108
373
467
437
263
266
341
393
 21
399
139
 64
  7
195
486
245
151
354
 54
259
444
319
492
 73
456
290
220
 94
110
 59
226
200
149
177
 51
 88
237
496
473
102
273
178
 17
 34
 39
112
288
318
235
292
310
411
168
441
125
162
490
156
180
257
333
 92
362
 56
406
284
381
216
 52
193
 45
213
 60
342
