319
292
228
373
398
  9
403
432
 15
460
440
172
 21
344
500
446
481
104
252
182
152
 22
314
368
450
337
 50
370
448
468
350
140
394
316
247
491
173
407
327
254
260
347
113
284
478
137
239
109
 41
426
267
409
187
304
 57
 31
444
411
343
389
183
206
  7
325
178
415
195
427
 63
 44
 93
495
250
362
226
200
110
179
 62
329
346
162
  3
 78
438
293
127
 77
307
496
286
467
256
331
263
363
 13
419
428
332
 29
317
 17
472
 39
120
198
483
 66
479
108
275
356
287
215
452
437
251
 55
129
414
169
212
328
180
372
308
291
315
 20
345
402
400
136
301
401
 73
266
258
 65
 94
245
 37
490
300
216
281
184
158
147
225
164
 84
161
441
374
 47
101
122
367
 88
 10
466
296
160
253
153
117
485
351
393
482
425
442
298
 79
333
133
 71
392
324
458
422
486
194
235
210
177
197
408
361
285
397
114
303
 19
492
424
340
 49
156
294
 38
192
 32
390
 60
384
480
476
282
 12
278
 14
454
218
379
456
443
378
380
196
349
131
262
102
121
259
100
 16
264
138
 18
214
386
191
313
417
 70
353
  5
387
447
318
348
 75
154
241
208
103
185
462
 69
320
342
339
395
224
341
211
488
323
167
365
290
 81
381
487
494
385
391
 25
371
170
201
205
139
150
175
 67
  1
276
155
434
498
420
430
 58
453
366
360
219
474
168
 36
141
354
119
376
 68
238
151
249
 85
410
 33
123
423
193
357
288
236
107
171
457
  6
269
204
306
 76
257
265
461
279
322
 23
272
271
449
273
396
 87
489
377
 82
 53
 90
302
330
 80
 83
 48
 43
 28
477
234
309
217
359
 11
499
157
 34
335
 24
 35
289
312
445
243
203
 89
163
189
 99
465
364
230
431
413
126
270
464
406
246
375
338
497
 46
222
463
207
116
336
429
232
455
106
 42
142
334
  2
130
143
388
326
321
469
181
144
231
280
255
 72
383
 54
493
412
174
 27
 64
418
213
295
105
277
 92
244
186
135
132
 96
 56
128
248
202
 97
233
125
221
299
146
240
355
439
416
149
118
145
209
229
404
 61
227
223
297
451
 30
166
471
242
 86
311
475
369
459
435
 98
 45
112
  8
382
159
484
134
433
115
470
  4
399
 74
473
268
310
 40
 95
220
176
 52
 91
 59
148
190
358
261
188
283
352
199
111
 51
274
436
237
124
305
405
 26
421
165