 80
300
117
264
478
 41
355
 89
168
361
494
124
483
434
232
275
390
150
169
338
146
210
128
345
219
 19
333
261
 53
245
446
405
 82
298
 21
196
147
176
372
156
100
 16
160
307
 23
444
177
294
 36
412
287
244
  8
 94
 15
370
198
 14
373
 30
195
357
394
334
151
148
 56
 18
367
457
252
181
283
 59
 35
182
254
 27
223
407
 29
145
422
437
119
379
330
311
 52
472
135
249
492
243
473
108
 60
314
  6
332
  2
419
218
155
233
250
114
401
  1
292
 32
423
199
127
497
468
436
263
116
118
323
164
197
399
456
257
217
207
 39
 61
 46
251
377
185
449
216
474
366
200
122
281
 42
425
337
493
225
413
142
140
421
194
265
358
 63
  7
 84
206
215
450
272
455
353
427
476
 58
 10
404
 22
481
451
222
445
477
 68
305
172
470
480
317
479
 74
278
397
308
286
426
428
191
416
 54
484
276
 92
 75
303
 67
 20
466
452
327
171
 47
380
351
 65
237
 48
220
158
170
123
398
374
306
438
408
  9
 72
 99
227
 37
382
138
418
106
318
368
310
 33
309
121
 24
104
187
 93
282
 78
192
133
162
262
363
371
 49
443
273
302
 25
193
362
 90
255
  5
352
 96
489
347
144
354
105
424
448
175
229
409
442
161
103
430
 98
 34
440
179
277
391
202
130
107
178
356
441
296
395
322
246
111
228
 71
153
101
465
173
213
488
 38
259
 62
420
247
329
125
157
 26
316
188
499
129
209
439
376
204
 79
180
131
189
113
403
132
384
392
266
 13
134
331
460
143
238
102
410
290
 76
115
 70
159
365
163
326
120
285
139
429
205
234
486
270
383
203
360
 77
 86
214
431
260
375
415
224
461
389
288
340
463
487
414
 28
 97
447
149
 64
381
 40
253
239
299
432
166
348
301
231
 57
236
335
 66
230
498
 31
 73
258
417
184
 95
325
 88
 12
400
490
293
274
280
 69
321
235
136
495
 44
469
386
328
226
349
359
 91
496
341
385
221
369
297
324
402
500
271
 17
453
 85
433
459
464
269
315
 45
212
387
475
165
154
406
  4
485
 83
289
482
 11
268
393
242
256
343
378
167
319
312
411
141
201
267
467
211
435
291
462
109
186
248
336
241
  3
174
126
320
364
313
491
240
190
304
183
471
 87
388
346
342
344
 55
396
137
 50
152
458
454
284
295
112
 51
208
279
 43
339
110
350
 81