137
302
495
 15
359
 83
164
449
347
195
402
489
188
367
176
411
375
129
 55
138
198
 35
 98
 68
136
366
144
421
357
187
376
192
108
368
299
 39
  7
270
369
111
207
251
320
311
485
103
236
 75
492
 20
459
315
399
 45
 53
171
212
389
292
 27
280
276
444
 57
314
180
162
317
349
425
378
234
430
248
186
123
341
 42
400
483
407
177
225
436
 86
334
203
273
306
159
172
279
313
214
 23
427
438
300
115
269
228
 67
150
178
185
221
 87
229
355
106
316
116
174
304
  6
249
469
139
439
388
326
283
114
 47
132
426
206
460
377
468
181
 82
205
481
264
 40
410
395
424
435
385
391
340
479
 46
218
414
 11
263
455
232
403
325
252
254
105
237
284
486
437
423
127
258
282
199
488
472
330
394
101
383
 66
286
244
287
250
434
219
343
386
 52
124
 51
 69
 93
255
354
458
336
291
 10
365
371
480
499
  8
442
163
102
346
323
361
305
 81
190
151
428
140
173
200
154
161
 48
294
451
498
128
 29
272
 96
296
350
322
393
382
 12
446
134
 64
 90
113
165
398
466
312
447
277
405
441
168
204
245
256
213
417
242
257
217
100
 56
432
297
390
246
230
196
364
266
 91
153
381
401
416
143
471
243
339
157
 17
 32
363
 24
233
418
431
223
335
463
  4
 77
327
182
121
474
413
208
308
239
462
288
329
 71
342
  3
290
415
 54
433
332
126
362
477
170
241
179
274
 73
392
482
345
 18
 59
 50
224
 19
202
 16
158
 21
373
493
487
193
372
370
197
496
148
490
110
303
117
253
109
379
 14
  1
 25
146
125
440
281
 79
318
 70
384
 43
220
380
419
298
  2
211
160
443
149
310
387
112
201
285
356
 97
259
268
147
328
 28
457
267
429
189
235
 65
156
412
404
452
478
122
422
222
133
497
348
 85
 41
184
319
 38
260
265
500
456
 34
450
406
 78
324
  9
484
331
307
145
 99
175
247
344
321
167
 30
 80
374
289
104
494
130
 74
396
475
 84
473
338
262
470
 22
142
409
  5
120
 60
353
 61
275
453
352
119
491
 31
351
194
358
152
227
 44
397
467
 72
141
360
191
337
476
216
215
261
 95
454
420
118
 88
 89
 13
408
465
271
 94
 49
155
301
 92
107
464
293
135
238
 58
 62
 37
309
278
 26
240
 33
461
295
 36
448
210
209
333
166
169
183
231
131
 76
 63
226
445