364
451
 61
240
 33
461
307
446
440
502
 42
380
 47
126
 90
355
319
468
375
 97
294
391
171
311
236
118
473
460
247
 58
243
 91
 48
195
326
129
308
321
 46
187
 54
342
348
162
241
 73
501
 44
 92
 21
448
141
 13
357
438
102
328
327
 93
298
220
 77
 82
452
253
258
 35
 84
262
231
 99
467
479
157
237
507
421
 83
316
277
260
255
 29
127
  6
265
 39
181
426
 11
268
292
449
478
330
407
140
167
333
 66
495
487
 24
499
335
264
400
177
166
287
374
273
399
459
402
306
 69
257
 59
431
164
117
475
320
338
420
383
 62
160
332
368
403
188
  9
116
239
213
334
376
387
136
367
395
392
481
183
252
218
244
199
458
356
219
432
462
 25
151
329
373
146
 38
238
 74
 34
110
404
145
390
453
205
410
122
359
343
143
272
353
133
232
119
147
415
470
422
285
282
208
447
386
441
278
288
406
492
108
 68
 89
 78
488
229
 41
 64
242
 95
216
341
339
405
485
128
303
482
466
196
289
489
 50
378
246
113
 32
396
226
284
 40
  5
269
173
111
  3
435
224
  8
235
178
212
414
494
227
201
144
480
424
500
505
 27
 16
384
444
207
 12
497
138
266
336
123
322
493
370
 65
511
477
 23
295
 52
211
503
377
283
203
134
174
296
 15
217
132
104
105
412
363
416
 85
206
139
510
106
202
274
385
371
 81
121
161
297
379
346
225
 49
358
175
388
 60
456
281
324
369
427
439
222
184
152
279
419
221
437
107
344
 56
124
130
249
153
313
251
293
263
 53
445
276
  1
454
 96
192
 31
301
100
315
 45
425
428
 17
474
  4
463
 57
215
114
 20
450
 26
163
169
 71
455
381
165
209
 55
  7
 22
490
 14
180
197
234
476
259
271
496
291
394
286
170
365
 86
457
200
411
498
168
 94
210
158
349
418
331
362
 28
393
429
389
204
176
486
 72
228
317
472
309
508
182
 51
142
325
347
 30
366
185
 80
491
 70
245
186
423
 79
417
469
305
156
372
436
310
275
318
103
471
198
 75
430
115
 37
233
137
433
223
345
120
413
254
 63
112
 10
434
360
290
337
300
179
 18
512
302
 88
314
261
256
484
193
361
409
504
323
312
 76
304
 43
135
506
509
299
 67
172
250
382
149
248
194
267
464
190
154
442
155
230
401
150
352
340
109
 36
 87
  2
 98
 19
350
270
101
191
189
483
398
408
351
159
280
131
148
214
443
354
397
125
465