207
 60
 46
141
436
356
397
195
 87
180
112
149
 21
286
 11
 19
  2
 22
206
345
231
 37
197
254
426
123
113
276
483
486
469
104
443
 41
 57
 85
336
 24
266
 39
138
 20
 84
234
322
509
504
 68
410
308
 50
 78
248
490
398
293
158
471
120
 77
 86
414
278
226
 81
144
 71
178
339
401
202
127
282
124
461
247
119
419
 79
456
435
170
142
255
243
 32
341
411
218
168
415
167
387
171
184
358
152
189
379
240
264
323
510
101
337
279
353
 15
324
422
343
460
491
154
 30
134
146
205
213
  5
402
147
479
 58
  4
145
192
176
412
377
260
 14
280
214
421
391
 47
473
285
193
313
267
199
 42
439
409
245
284
215
302
506
445
185
126
335
 49
 92
357
 93
217
125
507
381
354
 96
498
 74
256
  9
290
478
163
210
349
268
315
 90
277
232
253
258
332
487
437
100
448
136
115
156
304
438
373
423
455
365
346
464
347
222
472
 66
216
495
 97
432
333
238
296
 35
396
441
148
467
372
212
 38
362
 98
 82
114
363
186
281
223
239
330
135
 26
359
360
344
233
462
181
 54
493
433
384
459
129
413
303
393
399
338
386
403
385
492
269
221
331
301
440
314
444
110
224
317
289
425
390
 75
502
 27
179
230
191
159
252
500
 72
 12
271
128
190
 36
328
 80
378
227
246
407
366
 43
106
103
 89
369
418
305
 16
404
169
242
 64
454
 88
 23
494
130
 62
250
257
468
329
 99
164
508
406
 10
489
131
 17
307
241
182
 63
200
434
476
364
 70
 33
 51
428
275
151
 34
485
309
139
446
400
219
405
 31
237
394
298
272
155
177
204
501
 59
 73
153
132
457
288
310
251
408
395
263
 69
 13
442
484
 25
273
287
416
265
477
161
453
188
105
166
424
262
389
312
342
383
291
175
160
295
 91
174
480
417
 83
375
 56
497
157
481
107
140
270
466
299
318
228
505
450
 18
173
352
236
499
306
465
  6
196
109
320
292
261
496
300
183
102
249
512
283
297
367
327
274
235
108
209
429
451
 61
 94
220
452
427
319
348
380
198
355
470
211
122
 95
 44
350
162
340
 76
150
361
 45
 48
 40
474
203
370
  3
194
111
201
187
368
475
 52
229
326
118
  8
458
244
  1
321
430
449
137
488
311
 53
  7
431
388
172
371
382
259
351
117
334
143
376
511
 67
463
225
503
392
165
 28
 65
482
133
208
 29
116
374
 55
121
294
447
420
316
325
