2274
6105
5813
 872
5721
1374
6727
7971
1782
4854
7067
1109
3211
6378
3343
7606
4733
4632
4817
8153
6411
8026
3805
2368
6804
 941
 988
 147
6443
1910
1747
2543
1728
5065
2406
1245
6442
7221
8022
5080
5387
7992
 795
5611
6109
4949
7796
6220
5191
6515
3654
4445
4359
1606
2722
6081
 976
3954
4926
6551
7504
6258
5993
5622
2681
1320
2328
1243
  92
4350
 434
6655
3076
2528
 892
5196
6812
5978
5189
7069
2734
4056
2896
4146
2157
1295
1722
7274
7097
4036
6276
7569
1517
 951
6359
 599
3554
7864
3489
5456
3821
1382
7516
 994
4184
5676
5463
6861
3771
5874
5293
5840
 661
3656
 936
1417
6575
7760
2107
 266
3724
5472
 430
4165
3104
3183
2016
   2
3093
1126
4988
4063
5867
1287
2193
7138
3271
5446
4447
5898
7203
7070
8062
8151
1146
4238
6899
 628
4818
7831
8040
6522
7114
4135
6941
 532
7892
4149
8139
6080
 410
7342
4118
1598
6953
5162
3264
 247
2763
7257
2526
2969
3584
6068
7400
7559
8042
2257
5309
6401
6979
4952
5458
6848
5751
4297
5595
5483
3527
1634
2692
8060
2494
4117
4882
6173
8133
3423
7082
2377
1445
3353
5244
 339
3073
2525
1725
6325
5937
6344
4427
4384
4774
4524
1901
 118
3555
2203
1561
3549
4981
1069
2123
  99
3177
1316
5521
1438
7870
2200
6402
 609
5724
2378
6628
3247
3482
4081
3658
1007
7322
5681
5507
 142
3866
7273
7398
5269
7393
 789
1264
4436
 219
4399
5991
5637
6587
2007
2968
3514
6755
 484
 999
1963
4002
1290
3736
6140
4984
2317
 843
6915
4555
6777
4612
5404
2103
4043
5577
2333
3229
2641
7637
1566
 152
7828
6738
6705
2590
 662
5705
 648
2857
5335
8180
6865
1600
5200
2629
1648
5809
4257
1164
5013
5620
1303
1493
2592
1802
7459
2625
1103
2554
6291
1089
5397
6665
 966
 321
6775
4370
3551
1888
7012
6008
5296
5557
 898
 241
1175
5260
3612
1962
1101
3852
5033
6078
3172
2697
 852
 905
6530
2608
4303
4109
7475
1258
2812
6174
 526
5517
4613
4181
3041
 745
3545
7709
 483
7847
3861
  58
8166
3498
 149
4871
3014
  96
 202
2444
7575
6627
 320
4310
6986
5126
3888
4349
1183
2518
2764
4428
2379
4433
6885
3347
2422
1064
6918
1005
5920
6538
 755
2678
5538
 510
7609
6452
7612
2668
2383
5982
6052
 471
7926
2010
5017
8174
3607
2922
4485
6231
6281
6782
5063
3475
 931
7445
7902
1429
3340
6457
1134
4535
1738
6693
 903
1687
4189
1376
7258
1011
 570
4137
4315
7849
5944
5215
5896
7590
3862
4459
6181
4140
 756
2221
3258
4897
6042
4338
2771
1030
4777
6761
 141
3994
1015
2087
2967
2281
4844
7718
 573
1973
 225
5722
7276
6329
  56
1534
7267
 189
7766
7855
7659
1664
8159
3259
7891
2808
4382
 735
4601
7034
5562
3168
5757
3868
7662
5800
3006
3855
7201
1112
5827
3078
7784
1736
1322
5083
6317
5888
4879
 625
5822
5275
6155
4339
3384
2320
6100
 963
 131
3690
  45
5152
8043
3059
1506
5187
 271
7270
3003
7652
4204
7297
 792
1173
1366
1574
 314
 583
3085
7494
5862
7483
6152
3354
4997
 409
 364
7815
6934
4866
2323
2154
6569
7126
  75
6512
7671
6581
6252
6717
5204
3466
8087
2349
 904
1666
2393
2433
1619
 541
1853
5572
1545
7934
5220
1227
3394
2810
1526
1406
3430
3817
2975
3633
7641
3843
3280
4701
7016
 589
7211
6922
5245
1292
4317
3298
6593
3600
1051
1871
6527
2845
4114
7762
1481
1285
5324
  15
8094
7578
5124
3647
5239
 818
 203
4151
4311
5826
4381
6794
2852
7867
 365
3682
8141
8083
7013
5789
3383
5923
3156
7057
 942
4842
4643
 519
8189
2331
2930
3462
6385
2885
8158
 969
2936
3565
7432
 783
 325
7927
3880
7026
  11
1151
4975
 693
 244
2938
 702
6141
  31
5351
4005
6596
3026
2493
7186
7851
1306
6331
5598
3677
7360
6674
7147
2993
7061
 329
3020
3397
5064
6487
3635
3801
7118
4915
1920
3337
6085
1421
1354
2324
 880
1110
7658
7048
4495
1195
6026
7450
6406
1924
7233
7834
3119
5879
 676
6248
6462
6035
6884
3969
6508
6703
7324
3009
1097
 739
3161
5602
4755
4246
1878
4457
4469
2732
4288
1206
3775
2682
1847
5382
5623
6194
1691
 921
7802
2833
1961
6007
  40
3921
4383
3732
3918
1162
5953
4668
7877
4825
4393
5588
4586
2042
2847
3919
1810
2510
1624
6700
 474
4592
5361
2373
 896
2925
6870
1784
  89
2039
 932
2022
1821
4006
8144
7109
6389
5283
3739
6752
5228
7125
7512
7096
6326
3037
1499
 264
2346
2311
3162
3123
4066
2296
7594
2617
7490
4431
3533
5802
1130
1700
3099
1656
5207
3237
1202
4068
1569
5325
4941
5225
7748
6685
1988
 125
7059
4644
6451
2512
5002
7052
5364
6924
3075
 754
6408
3729
1674
1900
2717
1677
2947
 972
  87
6016
1053
1778
 571
3494
7948
7710
3858
2976
1201
5917
5526
2797
6896
2143
3446
7841
1167
7819
 907
4651
2950
3253
1925
4539
4991
5690
2841
4958
 140
3649
6217
6104
6495
 250
2347
2851
5277
7127
3141
2488
 911
7230
5256
3120
1623
4198
4475
7893
5010
5717
1035
 418
 527
4521
7752
1233
 499
 595
3213
 114
5451
1294
6279
6099
1123
1068
 808
3662
 688
5303
5498
6094
3483
 916
 227
4157
1383
4531
1792
 598
6041
 120
3036
2853
 820
7254
6980
4728
4554
3721
4030
 376
7370
5940
2128
3134
7402
1042
7897
7295
2073
1824
 839
4922
4990
1621
1279
5835
7904
6142
 979
1332
7826
2321
6756
7189
6305
6881
4076
7602
5878
 647
7632
4752
6218
3176
1570
2036
4160
4343
 637
2693
1721
3776
1701
3381
5226
7036
5766
2581
5235
4507
1542
2029
 223
4944
5045
2471
5574
5343
6582
 201
3095
 496
2332
7095
  42
 773
4098
2479
 882
2115
3330
 684
6749
6985
4868
2773
1739
7920
3515
6400
3989
5887
5097
1890
1105
4401
7468
4528
7015
1504
5645
6156
1144
3590
5828
2634
4583
1150
 286
3910
1423
5469
2887
7021
7788
5837
3972
3997
4326
5419
 828
3840
4265
4406
 575
5006
5847
7885
 273
7698
1817
1091
6521
5209
8055
4213
5231
4942
7716
1088
6825
2483
5046
3699
5396
1930
3938
1712
 379
6973
3325
3784
6858
2661
7188
4000
1790
6195
4675
2854
1296
2719
4968
5536
4572
 115
5052
6466
2033
2391
 968
6153
2650
3830
 998
  29
5806
2718
 375
1941
3034
6431
5747
3416
2645
5994
3223
3983
1170
3257
2370
7786
3294
1768
1044
6470
5426
2480
1818
5170
5534
7003
5114
1077
6852
3528
7187
2342
6832
8135
3065
3780
1367
3958
4055
3959
3158
4702
4717
2057
2757
6963
4367
6097
6321
6397
1284
2481
7355
4409
7821
2671
1795
 215
6062
3594
2395
3827
 190
7951
1092
7241
2402
3586
3221
4147
5147
5928
 538
2610
4178
1601
2749
5635
7812
1133
1337
1748
1345
6611
  73
1430
 615
1958
2558
2407
3879
6781
8004
3710
8053
5040
2477
4791
7275
1305
5185
2506
7546
7296
4624
5136
2994
3963
5044
1475
 110
3044
6659
4200
4387
3055
6929
2011
4996
5352
  93
3181
6456
2167
2213
5298
1205
6624
1187
5157
2283
1486
2648
2364
2712
1180
5476
4438
1820
7194
1078
5900
4008
3731
2245
 431
4078
6742
6766
8000
1299
4660
5594
4743
 604
3308
8044
2316
7921
6165
2083
6645
5892
2059
2214
2639
1419
2156
6735
1779
3143
 919
5401
1500
8064
2587
3974
4927
1661
1511
5971
6475
6666
1161
3029
7556
6564
2202
5354
1811
1436
4283
6351
4304
7550
2072
6477
4500
4276
4209
5499
4801
6998
5661
3419
6387
2998
 914
 385
2598
1772
4732
 151
 383
5636
6332
7094
3254
4017
  95
3728
2371
4442
6384
4629
2903
  14
1863
2920
7910
8125
6232
4437
 304
6051
1549
1553
2421
7807
1307
 859
5906
2113
7199
7042
2028
4599
5113
 294
6638
6555
5558
 101
1458
 865
7329
4955
5716
3859
7882
4226
7726
2162
 602
5477
7925
3302
5838
  53
6361
1062
2153
4340
5692
4902
1532
8093
4060
5047
1156
2631
6028
7544
7780
1518
  81
6447
5030
 881
 506
1793
6707
4045
 119
1946
1094
5077
7806
3897
3351
7792
5251
4550
4314
5772
 811
5356
2586
6440
4759
1849
4073
4625
6275
3299
6892
7908
1336
3296
2974
7433
3236
6828
7798
3725
4194
6678
3405
2972
5537
1230
 146
4321
1814
5711
3125
3352
8079
5224
2600
2676
2426
4744
8150
3185
   3
7200
4836
2753
2874
6215
 228
7844
6539
3621
5457
4262
4032
2341
4704
3582
6573
5854
7513
7484
1370
2074
5597
2106
8178
3167
1743
4325
1737
 700
2075
1764
  64
2187
7813
3947
7363
7985
3246
 737
1076
 500
5447
5995
5349
1472
7790
2306
6972
6634
7217
1494
5533
2248
 864
3058
7210
6757
1679
3228
1529
2823
6307
3790
 886
5408
7419
 440
 784
1649
1580
5550
1710
3614
3138
6341
2904
2664
2430
 861
4525
3160
6245
1986
3136
5252
4423
3676
5839
2878
1960
6778
5756
6091
4142
 236
5465
 600
6681
5495
3640
2273
3812
2496
6869
7596
3131
7854
3344
7889
3479
4933
3543
6698
6673
6135
3300
1998
7678
 183
 459
3509
4788
1276
6492
1197
3084
5462
2411
7212
1422
1637
2092
3378
4504
4561
 443
5575
4506
2775
1038
5527
5058
2466
 781
7443
2438
4121
3518
5697
 234
2774
 467
8033
6602
4666
5539
1414
7313
5091
2262
5039
5737
7219
3980
1607
7049
5347
5907
1023
2344
 582
1683
6065
2862
7953
1455
 785
8101
5660
 113
4751
4448
1392
3563
4615
2012
3415
2787
2917
1119
6983
2126
3793
6137
3557
3285
7063
2952
7415
7104
 623
6399
  98
6426
4320
3312
4562
6446
1996
5621
3608
 591
6259
4606
  60
7593
7576
3428
  88
4560
5790
 837
4413
 677
3306
4826
 300
2258
 444
5246
 124
5965
5424
3672
2269
 235
2507
1186
6308
4867
4093
2207
7534
1555
3522
4735
8118
6290
4044
 535
7489
2449
4548
6425
 640
2769
6904
1964
  36
2413
5617
6396
 163
  76
8012
2788
5109
7597
5784
3508
8128
4746
4342
3447
1198
5059
  17
 581
3379
5610
2462
2295
2627
2390
7968
7988
1752
2861
6169
4115
3570
4130
6432
1538
 832
7673
3609
4585
1070
5515
6410
2445
2948
6168
6328
2742
7702
5344
2740
 725
5634
6044
4425
2425
5214
2595
6913
4611
1319
5497
1314
4058
3425
1769
 565
1427
7180
6476
8037
7560
7008
1203
 207
 478
4298
1433
3553
6772
2906
5434
5393
5695
2940
 887
3175
7108
5459
1469
7293
4888
6046
2500
6190
4961
 367
6696
1350
5036
6841
7989
6957
1353
2886
2652
1882
4293
7869
3476
1364
7695
6633
 730
 303
8084
6819
2932
4781
7009
 238
6158
  82
 855
2437
1873
7218
1019
1923
4465
4232
6001
6849
6793
8061
1326
3512
7957
 160
2873
8002
2336
5019
 590
 456
5161
4235
 317
4451
3988
2097
8059
5686
3480
3314
3486
2236
6933
4686
 574
7115
2322
2289
2871
4568
2260
3008
6286
5118
4619
7879
5011
7843
3794
6419
2188
2475
4681
7567
7271
6227
7251
  50
3107
3048
  66
5168
2607
1334
3779
7328
6469
6635
4737
4911
7736
6540
6221
4598
2185
7527
4462
5632
6084
3155
6691
 384
7243
2868
4347
4552
3166
 315
3461
5221
 164
1188
5570
1256
6299
1004
7840
 206
7866
 674
5330
7955
7728
 279
3389
 111
5884
1398
5820
6159
6833
3307
2138
6826
 798
7676
6022
5560
3050
7394
3412
6501
3733
5567
5889
4308
2520
4596
6649
7152
3559
7639
 996
7426
2041
7299
2809
5910
1000
4563
3564
1509
 610
3362
 252
2105
2467
3319
1222
 394
2747
4698
2897
4893
2174
4018
7974
2026
6743
3311
6039
 945
3913
6890
7672
8075
6160
6004
3345
1705
3716
8017
1114
7666
4330
1645
7923
1219
1293
1380
5785
1688
1047
7248
5810
 405
6547
8047
1058
4176
2537
2891
1846
 694
3583
   8
4783
6003
3090
1543
5691
2253
3243
7913
5182
5416
1408
4953
5466
6879
4164
6471
4307
3802
2659
4727
4231
6128
1875
3687
 388
4460
4700
7018
4365
3369
4627
7549
7347
1013
3102
7729
3101
2440
2429
1609
3638
1658
2820
1969
2556
6138
6461
3789
3652
 246
 716
6229
2754
4417
6981
7915
1582
2396
1432
4331
3096
4241
7373
2736
5626
2918
1096
6494
7653
 370
5340
1935
4587
3948
5704
4987
 175
7876
 873
2744
  61
 877
5651
5334
7354
2584
1633
2198
1223
4441
7481
1913
2844
7542
6287
5600
8162
5467
3851
 800
4658
5945
6843
3040
5869
7574
4476
3670
7418
1014
5545
7723
7004
6064
3137
6101
3391
 449
4488
3697
6350
 256
6820
 330
6311
5350
6556
 521
8134
3592
 543
4144
1916
6629
5314
1604
6027
7227
2141
1443
7928
3833
1894
7351
7084
3949
 455
1734
 425
7703
5294
 540
 464
6362
7005
1022
8014
2264
5417
6784
6599
5576
 900
  19
2791
2559
3458
1196
 549
4203
3411
7142
8051
6439
2632
6792
3327
7215
 801
 718
1956
5066
  13
 323
6507
1217
7613
4523
5081
 421
4171
6254
4928
4605
5525
1274
4378
3453
7345
7785
4212
 952
1343
4796
5073
5032
6683
 156
6939
5630
 902
2663
 664
4772
4594
4346
1009
3189
 760
4940
1389
1829
5135
1216
3105
3252
3214
 518
1513
5479
 856
 369
3122
5832
1552
7391
1524
3981
6716
5431
4348
6465
1589
3684
6874
2175
4112
5111
5264
5583
8143
6976
7121
1749
3759
 340
2945
2987
2149
6238
1603
5197
 918
7635
4049
5373
1281
6824
7975
 401
4104
1716
3967
3940
1707
6015
 956
 176
5554
2843
7231
6122
7954
3695
3890
1984
3081
 523
5503
4027
1189
4954
2580
3874
6773
7994
3886
4891
3631
1776
1338
5603
6224
7757
2472
8065
4693
 338
7266
5549
2279
  71
1798
 371
2725
 438
6537
7601
6990
1297
2859
1622
4097
5739
1236
3396
 504
 908
8021
8186
2099
3488
4215
6404
6954
1895
7134
3018
8145
2892
7292
7110
5511
2572
4607
5411
5139
1709
3837
 794
4749
3052
2497
2456
4240
7155
6623
 158
7956
6560
7409
2237
7397
2780
  54
5177
5708
6262
8074
3937
1020
1953
7451
2730
 566
7884
4494
1451
3616
5056
3070
7687
3077
1991
7269
 445
3572
1801
2309
5791
4662
4626
6853
1758
 322
7853
8092
2679
6712
8160
2190
2872
6429
 396
 713
7430
6740
3718
6070
7384
2288
3118
4597
2297
4499
4541
4505
5629
6107
2142
1473
6102
6337
7300
2173
 878
1357
2226
6197
6598
6450
  65
2724
6900
5701
7112
3231
6418
5653
3069
4116
6192
5232
2441
 617
7424
4110
6836
3429
7680
4136
2056
6648
7350
7442
5436
2616
1715
3210
3402
3092
5227
3188
1371
7234
6203
2089
6449
1127
7279
 468
1286
1439
6164
2238
8190
7607
 957
7214
5021
6336
 214
7149
6421
7753
1990
3318
1886
6180
4040
4914
5659
3358
6098
6020
1697
6767
3039
 479
 787
1231
3694
1083
1479
5748
2434
2699
1929
5238
 552
7909
5674
3173
3957
3970
1717
 799
5914
7421
 128
1525
7378
8063
 934
6774
3377
2561
6908
7967
4876
 853
 607
2539
2531
7158
4156
3190
7598
8072
6637
7663
3547
2748
 910
2680
2924
5818
1692
5796
2385
 441
7497
3665
2081
1974
5007
4962
4806
 597
5727
6023
6463
6208
4647
4546
6975
  47
6873
  35
3323
3924
1850
3673
3792
2365
4089
3163
1298
5050
3063
4758
1987
 254
2704
2079
6859
4608
5805
 561
1040
2905
5054
3593
1690
 422
1208
6984
8187
 553
 485
5834
 668
 925
4517
4155
1052
6066
5817
7564
3089
 299
 627
2499
2811
6514
3678
5761
2117
1122
2954
 744
 268
7047
5166
7434
1993
2910
1321
1870
6170
7640
3500
6585
5488
5195
1551
5955
 592
7881
7390
5390
3975
7361
1885
6433
2723
7561
1713
5060
 253
3900
6346
7216
6620
1396
 842
 174
4041
2965
2714
6417
2991
7717
4497
 112
1254
2094
3432
7340
5290
4696
4544
2796
6302
1950
7162
5297
5328
1766
2927
6468
7522
6057
5624
 897
2183
1237
2282
 354
5962
4453
5163
6116
3800
4033
1075
4804
2959
2596
7365
7636
1093
3860
6296
6067
7991
 157
2928
2913
6977
2095
6888
1550
5106
5886
5891
5564
2163
6741
 751
2544
8107
 498
5107
7006
7562
4738
3504
4614
 402
7660
 654
4009
6472
3028
4414
1614
3806
5969
1757
5048
5665
3244
 497
3470
6864
2339
2729
1124
7997
7558
 359
5859
7914
3225
7027
8090
5529
3769
5774
3288
5977
5489
2711
7990
 670
7838
7246
7829
5522
7264
5841
5682
1086
 779
 193
 169
3952
3986
7646
 926
2884
5973
1911
2606
2656
3746
4402
1985
4859
7856
2931
7089
 377
5203
5882
5440
2624
 550
4821
6579
3456
1735
1809
6149
 531
5132
4187
5771
4967
 426
3027
 428
 334
  79
 895
4391
 924
5090
4284
2249
 355
6485
1966
   5
 442
5099
3436
3525
8105
7878
4220
7014
1578
4831
7751
6758
3334
4935
2762
1718
 309
5102
2241
6005
3696
6280
4170
2409
1362
3982
1312
7693
6189
4907
3571
3060
 851
7007
8169
1591
6391
1324
6473
6546
6106
6123
1755
5688
1844
1349
6854
6002
1359
3773
6968
2032
5700
6088
2992
6807
7454
5415
3907
7874
6230
6464
2416
7298
5409
6891
3646
2814
3895
7277
7263
  43
2860
 522
6060
5084
 220
 243
3906
3121
7229
3651
7447
6269
1639
5248
3406
6053
6662
1980
4152
2298
3856
6255
2781
6250
2858
3422
2233
2934
 548
1464
2549
3604
7799
4724
3825
7611
3748
8114
2881
1856
7942
 507
 399
6577
3597
  20
 657
6343
6995
 742
1441
2161
 249
7886
 331
4083
2569
3440
4620
7323
1407
7805
1232
4638
 685
 732
6937
5654
1583
6313
1785
6349
7321
2604
3562
 544
3157
4264
8164
1191
8041
6506
5797
6965
6845
7173
4858
5707
2582
5987
6438
5648
2901
7650
7906
1006
 516
3250
6671
1346
2542
6617
  38
2374
7621
2982
  46
6529
6574
1915
4857
5798
5510
3922
2560
4477
7836
1537
2655
4250
4031
6297
7739
2846
6905
1282
6009
7681
6021
3468
7779
5062
6803
4394
5300
 416
5319
2533
6790
1685
1478
2923
7437
  12
7750
4309
1999
6201
 614
6376
7746
 786
3097
5913
4889
5540
7356
 937
6720
4464
8119
5662
3627
7998
1247
 298
5199
5929
4565
7495
1368
2098
8100
6732
2423
7017
 231
7496
7599
 736
6309
  69
 166
2096
 132
2439
7962
6423
1431
3749
3960
1994
1750
7584
3045
5668
6013
5970
4470
4711
6641
8056
2208
1360
5026
1952
7697
6532
4411
6393
3517
7519
 681
7247
7301
1060
4259
 343
2535
5265
2227
 746
4244
1207
3217
2205
 817
4435
3282
5587
7835
5142
6657
6167
6935
5375
2252
6608
3531
3021
 529
7846
7224
4446
1352
3539
1118
7253
6704
4703
7591
6285
7392
2398
6054
3561
7978
3707
4379
4865
7226
2246
7651
7498
 336
5952
5051
 815
2135
6830
7778
7440
7735
2351
2792
7563
1921
2301
4482
 472
5792
2999
2504
6920
4509
5856
7688
7074
 239
4010
5482
4123
2721
1497
6319
3823
3576
 205
5723
1136
3269
7616
5234
1823
2310
3796
4249
  39
5117
8077
4549
8129
 381
8069
2218
3734
3000
4421
 867
4653
1889
4706
 105
4584
1266
4983
1485
4122
6202
5035
8116
7770
 382
 310
2101
8034
4903
4191
5618
3787
3781
5909
 874
1330
7670
5141
7431
2849
6534
 636
3373
4767
3853
6204
1912
 306
4551
1914
2728
7896
  49
2211
7712
4242
6490
3382
3283
6340
6632
6821
2243
 724
6882
6293
3241
4169
1212
4673
5672
3705
6543
3388
6460
6571
 353
7980
1250
5505
2530
7677
4344
5095
5581
7283
2090
 850
6971
7919
5591
3276
8020
 324
 660
2360
6225
3884
2436
6318
7381
1131
2277
2523
5938
 805
1744
7872
3322
3191
7145
6424
2563
2287
6797
 888
 356
1265
4718
3643
7480
1363
1147
3404
3367
5169
1252
5255
4079
3536
5406
1626
  41
5071
5958
1595
4299
6518
6025
1557
1869
7848
4274
3278
1733
7551
6502
3286
5253
4848
1877
1424
4538
5444
5933
6306
6796
2638
6746
5301
  34
2855
5734
6626
4086
4014
4979
3926
2675
3310
5518
4740
1168
6686
2702
5829
4896
6613
1399
 912
4087
4522
3363
 613
  68
2235
 568
1300
2658
4945
6234
3198
6348
7545
7168
1812
2148
 240
1706
7058
7737
1938
7585
4943
 257
3535
 287
3501
4501
 491
7195
4678
 233
4731
3502
4019
 342
6395
 638
5278
3708
4908
7656
3818
 420
6089
2532
5732
4182
1021
4964
1358
3870
5725
8127
4736
1917
4439
8103
6301
1646
 352
3674
2501
3966
 715
6161
6127
5067
5883
 319
6940
 208
4195
4892
4650
 224
5988
7268
2888
6172
3809
2055
1896
4671
3444
7135
4179
4852
1402
2801
2352
3445
4923
2611
1263
1505
3777
6779
3816
5395
2654
4985
6956
7197
2973
4972
3086
1271
2290
3933
5759
6844
1490
7827
7958
 753
4143
3965
2597
3455
5403
1731
2209
2030
 400
7237
4978
5552
3826
5729
5599
8183
7685
1420
 108
8122
2825
2082
1025
 666
2953
6923
7532
3875
1934
3184
3481
2640
  16
2588
6083
6725
1629
 858
8038
5544
5512
3655
4496
3473
4734
1548
6520
5055
5960
1520
1972
3977
1108
7286
3233
3062
1387
5291
7615
6799
1239
3366
5542
 560
1702
8146
7330
5561
6143
4449
3700
4312
8019
3511
1544
7377
3147
5855
4025
2622
2486
2225
2231
7327
3032
2021
6726
1342
4846
1594
6783
1905
7117
7396
3503
 308
3624
4677
5916
2971
 137
3726
6809
4456
4061
7734
2325
 171
 245
1586
6730
6643
6059
1059
5520
5193
5146
2286
6952
2716
 749
2686
5386
2619
2450
6474
7999
2232
5825
1390
6801
4579
 433
4948
6339
2557
 692
5286
1855
1278
2766
1835
1874
5762
1016
 558
4386
5998
7129
2737
7090
1970
 606
4508
4899
2147
1082
 946
8009
3935
4602
5241
1732
4051
1521
2459
5496
3847
6614
5605
6249
5049
7316
4261
 767
7281
4271
6734
5257
5461
4292
4161
 117
6454
1880
8073
1066
4208
6261
5380
4172
2883
1340
4676
7043
4107
5667
5959
1612
6266
7509
7482
 933
2863
6837
4479
4286
4021
6430
2345
6119
 667
 537
5429
4484
2866
6644
4976
6536
2054
3991
1331
5642
 168
 213
5601
7414
4669
5804
3150
5100
2197
 838
3683
1444
2299
3080
4219
4458
6048
8175
2745
3135
6592
7777
3987
7379
1215
5104
6441
 293
6513
7170
4177
6040
  44
2179
2571
3400
 436
 901
4845
5535
6216
7111
4065
4553
2566
 258
4422
7961
7071
5254
1838
1983
6315
6251
4491
 586
3042
1335
2662
4663
6434
4351
5034
2129
4290
 711
4973
5339
7190
 829
3154
4843
1535
 699
5413
7425
3752
1760
 827
 349
 721
3463
3273
7208
4228
5217
3529
2139
2534
7964
7465
7325
3568
5267
1703
7072
5441
6356
5547
1672
1503
4936
4275
6701
1128
3620
7372
7715
5638
1095
4851
2266
4827
1522
4039
5769
5130
3421
2121
7625
6765
 475
3770
1440
7721
2831
8112
5353
4095
1978
 289
3205
1840
 534
2553
1073
8168
6982
6199
7947
3202
 557
3098
5322
 579
4808
3130
6014
1805
2037
2125
 435
 546
4785
3850
 691
4672
 917
1079
7136
2302
3387
4335
7362
2307
2902
2989
 179
1893
3197
 954
1365
5843
3295
3566
4622
3056
5812
5673
5981
6606
5670
 655
5996
1090
1610
4869
6412
6559
4710
6353
5435
4564
4604
7758
 116
 378
3685
6706
5794
2746
2545
2628
4661
2524
5680
4199
1587
 417
5425
4134
 750
4784
7830
6710
6478
1084
6811
4578
7479
6043
1933
6284
 774
 274
6183
7144
 159
5658
4786
4998
5823
3786
7744
3115
5484
4835
5968
3452
3356
1171
6136
7435
6550
5266
 710
3087
6584
1616
3339
3103
5131
7631
7538
7091
4354
6150
4412
4105
7044
 868
 894
3811
4819
1029
3082
6708
1667
2800
 248
4722
7949
 948
6093
7235
5821
2199
4038
8006
 454
3200
2683
2470
5868
1767
5551
4730
3187
5156
4434
7183
7537
4419
5078
5712
5873
1564
7722
7950
6531
6597
5580
5677
2822
3180
5357
 939
7105
1796
2703
6239
 802
7288
 494
4057
3111
2443
3195
4709
5606
5516
5018
7540
 180
7101
3808
6860
7803
5332
7918
 929
6910
3326
3012
1501
3657
5271
2706
3240
3544
6576
 469
6111
6110
7478
 186
5000
5327
6345
1220
 825
4154
4720
1883
7518
3392
4803
7833
6327
7714
1562
2951
1665
3836
2051
4951
1860
3580
6517
 465
7865
5094
1153
8003
 639
3901
 596
5694
3109
1897
2110
6459
3290
3435
4403
4119
2015
4520
7088
  37
3712
3878
6949
2400
5683
4913
6077
3332
5481
 697
2049
 102
 136
6030
4618
3795
2889
7368
5983
6076
7376
7586
2405
1002
6887
 958
4131
2255
6676
5345
3301
2285
6133
4674
3766
1449
4273
7060
7649
3117
7648
2689
1904
1971
6179
  80
4216
3574
7791
1636
5951
7783
 466
2446
 762
4969
 738
2369
5579
4512
5781
3877
1055
5584
6526
3745
4258
1240
7822
3521
7604
1132
2076
2579
 221
4705
7464
4959
8049
 631
5121
2707
3930
7420
2576
 844
5455
 212
 577
8008
 448
6069
6516
3765
 285
6011
4569
7284
  30
1898
4837
  55
4994
3713
5453
5274
5979
6889
1892
2705
6037
1907
3140
3675
1940
7929
5865
8029
 982
4649
7749
3964
1995
 672
2327
7595
 512
3587
5460
 729
 690
1815
4723
2944
6827
7099
7456
1246
1289
1866
  91
2942
4610
 653
2023
4237
6184
7024
 791
4324
7403
5299
4729
1159
 915
3882
5541
5074
1932
2795
  24
3324
5752
3523
 771
 100
5381
6382
2751
7816
7679
7935
5509
4239
7280
6222
 821
5377
 759
5811
7326
4715
5885
7193
6079
 463
5755
4683
6212
3807
5004
3368
7818
6856
6558
6605
8147
6108
2882
3867
3219
3485
3303
2708
2024
8071
3668
2186
4175
1660
5494
3112
5247
8010
6071
2593
7051
7249
1121
4374
4695
5363
3208
2620
1590
3768
2152
4640
1922
1329
 267
7375
2793
 740
2401
1837
6379
1008
2192
6519
3464
2219
2460
4053
 150
 857
7747
8123
 263
4739
6381
3127
 395
5911
6524
6943
1080
7701
5164
4603
 965
4930
5115
1377
1211
2613
3703
3146
6978
4514
4272
5715
 841
2474
5644
4153
3370
7700
1957
 680
3442
6320
2330
2726
2630
2601
1471
3380
5181
5029
5022
6033
3262
 348
7772
7696
  59
5281
3755
7863
4254
3365
8111
1711
 229
2594
5280
6768
3179
2267
4487
1724
7178
7428
3128
7797
2978
5649
4022
3520
4635
4248
4761
1780
5803
1794
5930
3113
 997
8048
4648
2448
 129
 272
8108
7624
 698
7238
7692
7916
5333
2756
4483
4634
7907
7668
2750
5464
5205
3215
7506
3524
7175
7622
1638
6312
7485
5850
4519
6930
2447
1800
1452
5027
6808
2522
3449
2839
5613
2806
1226
1309
1516
1400
1154
4916
4800
7642
3644
4282
5388
6096
1613
1714
4361
1194
7657
2669
2473
7724
 210
5801
1142
2985
  27
3610
1468
1979
3645
4873
 987
2665
4364
 502
6288
 284
3757
8188
1450
2254
3002
7939
1786
 275
2980
 569
 292
6445
7608
7705
2915
5657
3767
4015
2848
4404
6876
6621
2119
7871
3474
2067
5990
4652
8095
1356
 188
3484
 722
4285
2280
6609
3133
3560
4372
2478
5402
5589
1741
7781
 133
4510
7605
7077
4809
2361
1224
6872
4313
7289
7541
2102
2760
  57
1313
2387
7944
1546
7171
6925
5740
4127
3227
 347
3841
3617
 130
4452
7079
6680
5233
 490
 509
1442
2789
4664
7259
 280
8030
6380
7508
5741
7346
 809
 955
 776
6789
 686
1944
6031
4591
1138
3575
4467
4111
3316
4096
3715
6572
2031
5860
5422
6829
1867
6802
5491
5976
4064
4841
8027
8148
4971
7654
4534
5974
4670
2061
1213
6561
7320
6455
6388
1657
6603
5154
7364
7103
7664
7245
3192
1111
5628
7883
3230
 840
4798
6289
2529
  74
1046
4713
2937
5852
2623
2008
6679
7119
6630
3110
3448
3835
2573
1145
7655
5087
 302
4180
7530
3804
5615
7385
1140
8120
2164
4263
5201
7093
3831
1288
6542
7493
3742
5116
4900
 687
6075
4408
 580
4917
5948
7674
 678
4287
4319
3341
3686
6815
 437
3744
 707
4332
 333
3751
5261
2338
4047
4527
5894
4919
2799
7098
7525
7986
 663
5392
1746
5932
1487
2212
5249
6095
7774
7196
2431
2695
 978
5398
3849
2131
1918
3199
6240
4630
8052
6139
4341
7287
7960
1654
4132
 726
 683
2053
3469
 634
5368
1514
6479
1434
4094
2880
1061
1651
5096
7618
 357
3284
 145
 782
6813
2284
6264
1280
7476
7795
2017
6176
 930
2956
1947
5502
7528
6847
6764
2908
2996
1043
4745
6944
5160
7837
6682
3876
1989
2870
5927
5315
6862
5365
 671
8086
5171
3911
1480
6024
2204
1965
 705
1323
6310
4225
7374
3395
2495
4012
2636
2612
7141
2761
1720
5915
7092
7223
3864
2490
2313
6800
4159
 889
2027
3519
4824
4558
7369
2657
2684
3671
7529
 824
7800
 612
1832
7019
 372
3834
1945
7181
3872
6467
7333
6769
6114
 559
 849
 743
1519
3072
1797
5134
1693
6667
4480
3898
2977
7912
6945
2647
5934
2911
3268
 492
1028
3639
1253
6010
5210
4881
3845
6970
7554
  51
4600
6640
2118
 524
5038
5243
1033
 624
 810
2830
1584
 651
1394
2964
1484
8011
 836
6154
7102
6000
 967
 489
3152
6338
 752
6906
5655
 290
7862
 196
7769
6763
4692
7686
3659
1141
2694
4069
2893
3820
7533
6583
4957
2376
5749
  23
  32
4963
1179
6911
6206
2777
3920
 826
3232
3819
2452
 980
4725
7765
2919
1694
7244
4192
2077
3094
6063
2997
2184
1003
7122
 165
3552
3433
2696
1981
3375
 704
6334
2468
6814
2070
1787
4253
3719
4418
1959
3216
2408
6360
7820
1157
2047
4582
4925
7638
4141
2599
1269
6405
4684
5903
8142
4222
 167
6503
2018
1456
4822
7055
1859
1262
 890
 439
6038
8149
4694
5015
7943
2691
4398
6664
1908
1072
5428
4763
3317
2489
7755
4450
4750
3722
6851
3702
5471
5432
2565
6719
2890
5190
4595
7503
5024
6770
1774
5710
1100
5216
6489
3016
1411
7031
6670
3472
4536
8126
6988
4571
5439
6210
8085
5391
6375
7032
6420
4424
5192
3985
4295
 344
5778
2340
3738
5478
 493
3720
 393
7029
3450
5310
5122
6947
1178
1627
3409
3024
 761
7521
2536
2552
 318
 191
4628
4336
2293
1074
5236
2476
 419
4120
3328
4861
7163
3622
2875
3887
2397
6816
7207
3873
4633
5776
6496
7222
 470
 876
5893
4707
5420
7028
5445
 155
4016
6549
7272
5596
6912
7600
7410
1803
3315
3007
1369
 209
  63
2001
2575
2220
3017
4807
7614
8109
2963
3005
5183
5543
5718
4792
  90
2063
 127
7557
2646
6607
3025
2741
7416
1139
 706
5061
6148
3588
7683
1460
4088
1788
3148
1115
7969
2733
5656
5765
1238
5263
3408
2009
4444
1049
4067
4440
6723
5258
1671
 922
1663
4890
4904
6403
 460
8124
5619
6017
4125
5288
2981
7240
7302
2570
 642
 985
4474
1568
2790
3951
4756
3798
1317
6914
6372
   6
3186
 296
7965
6147
3053
1581
7167
5824
7338
6416
7708
2043
2548
7318
3567
1919
1405
6533
5433
4872
6917
3619
7232
1024
6118
6177
5754
7725
4577
5908
1647
  26
2485
1698
6188
6453
 398
2435
 276
3248
6580
2300
3279
4906
1676
3810
6565
7845
5348
4400
5153
8028
 689
2013
3680
5556
6842
3013
2035
3149
5150
2547
2786
 646
3782
5731
6510
2614
 547
2465
3182
5872
7339
3350
6246
1057
5918
2069
6209
6427
 362
8057
 194
 432
4931
5523
7137
 748
6818
 652
4003
7075
7179
4811
6651
2690
5875
2457
5831
1563
2071
5744
 717
2720
4999
6182
4513
3281
3995
3124
7078
2318
5760
8089
7740
1751
4937
 719
3854
1927
4369
1425
2879
5485
7771
1507
4071
6650
6409
3778
6369
7775
3201
3601
5904
7535
3542
5093
6386
3923
5582
2670
6263
6056
7120
 501
8067
1098
1268
8097
1842
8098
4542
8140
 260
5110
2979
6370
2417
3717
4082
2206
1056
2201
5585
1310
5423
 528
6974
7305
5379
4353
3220
 947
5389
 673
3623
3762
6058
 457
3691
3235
2464
3010
4898
4621
2160
3304
2933
2782
  67
7449
7548
1680
2359
7335
3613
7278
5858
4742
4291
4929
3753
5693
1597
5783
1099
7130
8088
8082
3497
7946
6354
1039
6776
7107
 237
4075
2941
6294
8091
 848
4665
7981
4236
7936
2900
2005
3636
5473
 728
7192
6074
1826
6857
 288
2926
3681
7470
6600
7367
2172
1135
7499
3457
1199
7265
7667
1413
4129
7581
5414
 200
2618
4989
3628
8163
 121
2986
6185
6893
6595
2715
2122
4816
1906
2508
7035
1579
 181
7941
 866
 122
5053
5687
2145
2988
7977
1936
3797
5985
4223
2178
3941
2803
4655
 195
3961
3984
2066
 619
6347
 870
3730
7040
1753
4580
5268
6958
1628
 392
6488
1531
2432
3971
6589
4918
6198
 295
4986
8076
2362
4557
6364
3788
1283
2251
 588
4183
2837
4639
4473
2583
5788
3599
 630
 427
 813
5901
5151
 803
 545
3889
3226
8154
3067
2758
 259
5815
3204
4133
3912
 316
3297
6810
7824
7312
 834
7970
 222
5020
3735
7930
1050
5726
2834
7582
5159
2134
4850
5237
5699
 514
3360
2731
6903
7038
5569
2802
2234
5975
4883
5844
5763
7382
 883
5612
7128
6324
 669
 731
4007
7536
2150
2002
2335
7759
 594
 983
5678
4218
7291
2672
6562
1632
4478
  10
6187
2591
5608
4080
6989
7405
7010
1466
2546
2159
1618
 126
7691
3688
4790
1761
5633
4609
 301
 823
4828
 413
5663
7076
2086
8023
2667
6298
2239
3079
7455
4909
1992
2171
 605
6855
4860
 650
3828
1125
3305
3490
6366
5068
6233
2856
4197
2943
4224
 562
6236
1949
5270
4266
2701
3417
2961
4581
1341
3714
8185
 593
1533
3642
5738
7383
 814
4920
5513
2609
7309
3410
4357
2585
8066
3242
3338
7952
 390
8177
4679
2272
5259
3839
 953
2140
6374
7610
 232
2392
5383
6785
8136
   7
4815
7228
5438
1577
4455
3174
3537
7972
6840
4059
1572
1447
1244
5098
5836
7531
2080
6863
4092
7858
6557
4004
5448
7675
6967
3142
6178
6330
4333
1036
4461
3929
6303
  62
3899
7577
 361
4048
 177
1783
7087
 178
6964
2100
6207
4946
4566
   9
 404
5085
5360
6751
7511
7412
3666
7682
7924
4543
4947
1771
2019
3033
2111
 995
2025
 262
6992
6415
 869
8080
6213
 641
2644
 447
8132
2827
8115
1160
3916
5986
7429
2867
7875
 977
7011
5966
5770
6731
5202
5359
7873
7782
6987
 192
6186
4011
4708
2394
1975
4820
 920
5639
4631
5877
8050
5284
7699
1361
 389
2261
8068
4322
3004
2962
2348
2263
4193
3289
5005
1328
 567
4481
1229
5089
1172
2770
7973
3194
5454
2574
7630
1386
5709
5016
2487
2511
7801
6535
6363
1081
 970
4794
5108
2278
 649
 453
2250
4243
3510
6151
4573
3914
4770
3206
1879
7250
3407
2835
 407
7457
2415
4530
7756
 862
6838
1617
2291
4547
7255
2794
7553
2540
 216
1848
5685
3374
6268
2603
4814
 452
5407
1037
 556
4389
2268
3585
6753
6737
1193
5133
2798
1730
3754
6413
7982
3578
7633
7832
2084
6871
 185
2649
6661
7389
3915
2955
3896
6484
3838
6145
 508
2567
2176
1819
3556
 695
6788
4084
   4
8054
1018
5304
6942
 513
2384
2270
4234
5946
4113
3459
  97
7741
2182
6271
3540
7422
5964
4768
6894
6878
1565
6568
3953
7776
7477
7085
8081
 198
4100
3329
2404
5082
7401
3596
5902
 462
2420
8039
6702
4590
1576
6960
 584
6690
 765
5367
4396
 554
5292
4719
 775
7570
5308
5366
 261
5742
7547
1462
5326
5088
1177
5279
7707
2065
6615
2482
 741
2372
3091
6144
1575
1470
4426
7620
5924
3558
4641
4229
2326
3114
  85
4454
3398
7573
5123
3693
 360
5394
2605
6689
7839
3650
5706
2778
 380
2319
8110
6006
4327
5211
1063
5378
7898
7050
5475
5070
7861
3342
5188
7348
7202
3741
2458
1397
6926
2568
1065
2983
6214
2382
4748
4385
5218
6999
3550
 616
6652
1277
7030
 846
4103
2454
4050
7209
6711
2194
7932
1048
2130
 270
 633
6047
4849
4617
2305
5881
 346
 993
6715
3074
4939
7306
2921
 645
6228
2247
7206
5480
 503
 477
4029
 332
2957
3692
5355
6601
7587
 403
3144
7124
7242
7395
4805
4921
5530
4965
5014
3760
5450
2375
7793
1982
6253
4268
5358
1155
1428
4026
 665
2242
2752
3320
1742
4894
 345
1251
4874
7337
 326
2166
 622
5240
3595
7131
5223
4789
4895
3437
2688
5609
5593
1631
3546
 458
5427
7041
5144
2151
7366
 777
2329
2366
8172
3413
4516
7515
5410
4301
4472
2196
1571
4070
1474
4823
5814
 644
2498
6295
5282
3427
 539
3031
2907
2491
4300
1593
6045
7260
5773
5137
 845
2367
5703
6504
6125
3023
6948
2120
 899
5848
1903
6090
3218
7523
5777
7706
6660
 135
3414
1372
3178
4690
 415
2195
 374
2442
4227
1510
5079
3883
3390
7261
2210
4099
1765
3277
 461
1668
5641
5504
2509
3641
7148
8031
5198
3116
2191
4281
4328
3493
5323
6868
3321
 530
6883
8181
4771
2294
6130
1087
6050
5128
4077
 790
 218
4503
4776
3761
3928
3772
 989
 992
6570
3499
5486
1528
3660
 806
2615
6511
3275
3336
2453
7984
5313
6658
3892
1448
3999
7256
7304
2108
4028
7413
1719
3287
7343
2358
5125
3902
 312
7053
2550
2735
1166
2229
4712
2224
4956
4256
3451
4526
 107
5720
1379
3263
4377
3061
1926
5876
7444
2000
1204
7319
8036
6368
3439
 772
7539
6875
4252
4687
2877
3990
2836
6121
7466
2048
3292
2727
1806
5167
4072
 928
2304
4316
7469
5719
4205
6567
2155
4833
2804
7022
2388
1862
7062
1976
4202
6880
 551
7890
7572
4020
7164
4754
5787
5421
3534
6750
3477
3443
 495
5972
2451
5941
7205
1260
 723
4699
3491
 211
7731
3169
3992
6578
2912
3385
2085
 620
5119
5076
6916
2984
2939
7684
2058
2271
4150
 769
7628
4970
 397
6292
4124
1611
2503
 807
7764
5302
2633
4680
1727
1137
7568
5172
3196
5321
5949
2990
 949
5337
4108
2355
2562
5273
5775
7773
4886
4813
5287
7123
1182
6736
5001
7501
2755
3047
3743
2303
6082
6049
1723
3664
6747
7565
7150
4741
7768
7592
1107
6669
5799
7213
5684
3251
4233
1816
7388
3022
3357
4492
5565
2064
5442
4471
3132
3832
7694
7811
4337
7517
4588
6996
4502
3881
4559
7647
1928
1827
1541
5012
4211
4537
5371
7453
1054
7634
3813
3066
6591
5845
5758
 106
4636
5842
1775
5935
7645
5086
4392
7852
4697
3393
3355
1325
4829
5555
8016
 488
3814
7817
3946
2223
1599
1041
5008
3465
4623
5730
5155
5430
4877
1067
6762
2685
1858
3015
7239
6898
3917
2739
2312
2838
5586
7905
7236
4296
7727
3885
5942
2062
5023
6086
2189
6205
1640
7191
1210
2380
2637
2505
4832
2743
6103
3420
8032
6273
1515
4656
7002
1085
2832
2779
7371
4799
1653
5208
5919
1596
5194
7169
4782
3637
5474
7787
7842
3064
 734
8113
7100
 533
6377
3438
3487
5616
4023
7290
7054
6272
2824
4356
5412
3891
6663
7446
 835
2785
 701
6907
5870
7472
5997
4486
8161
3019
3399
6314
7623
4305
  28
7644
2114
3270
 720
4757
1476
5849
4688
3434
4901
4245
3944
2168
3689
4013
 833
1149
1652
6392
2909
6486
3993
3145
3669
 520
2995
2412
4545
2215
5921
5180
 337
2469
2783
3764
1831
7713
 282
1117
6927
8155
7161
5158
6714
3471
4575
5743
6146
2660
3505
4493
6901
3661
 424
5369
4139
1071
1446
 990
2674
7408
1759
2517
3371
1348
 962
5501
5764
3159
7809
4645
1828
1669
2419
1822
3129
 714
3335
6771
2527
4589
7025
3171
7154
3139
2589
7332
6586
4221
7317
 909
7315
7404
 197
6588
 204
2052
 891
 172
5922
7441
8070
 611
1104
 830
3454
7899
  52
5385
   1
6902
6373
3939
3863
7037
4174
5713
4518
6342
1412
6552
6846
5009
 757
  21
7133
7001
2514
3602
5092
4375
7933
6604
1426
 563
 366
3331
3272
2772
1808
2551
4682
3822
4034
 632
1556
5871
7473
 412
 564
7911
  70
4173
6480
8099
  77
5604
1954
2354
3164
5506
2006
3376
4415
 943
 893
3589
2677
4593
 944
6523
6994
4878
7172
7754
2484
3663
6745
3747
3925
7064
4302
7358
7940
5305
 608
1477
1410
1143
5768
 265
8045
2916
2427
5120
8117
2767
6034
3701
3274
6491
6277
  22
4490
3333
8173
7945
3962
1625
6092
5037
6695
1887
5165
6256
6032
6500
6247
6061
1378
 733
8157
3313
2828
2381
7580
6969
2958
2240
6866
6616
 138
4529
4540
3908
6921
6126
6073
4443
2929
5399
  72
6333
4765
1876
4420
1225
 387
7033
 770
5025
5546
7486
1235
3706
4042
 975
2177
3207
3934
7804
7143
2045
1498
 758
2643
2003
4779
4126
1181
7900
3603
4373
5548
 629
3209
2046
5961
3842
6687
5753
6636
5452
6365
6113
4269
8024
1333
4912
7579
 311
3998
2966
  18
7436
4329
5500
1967
2819
 626
4864
 950
2133
7471
7629
1605
  94
5746
5984
5374
6780
7359
1169
4910
6335
5103
2578
6383
3727
6219
3927
 601
3783
6019
8182
5490
2410
3894
1415
1308
5341
6237
5143
4511
6414
2768
2314
3266
7159
5531
4163
3591
3346
5487
 797
3893
5650
8156
3260
5514
6672
1939
7588
5816
 391
3598
3255
3100
6235
1836
2418
4905
1655
6437
3030
7066
5127
6631
3848
 328
 940
8007
6548
3291
5468
5895
1165
1461
6498
7507
5443
4887
3606
1558
1540
1257
1684
6886
5786
7068
5679
2898
5926
7113
  48
4397
 161
4689
4128
 255
7571
4685
6744
 291
4207
6795
6699
3630
6754
 621
7738
6822
1385
1255
4289
6357
 170
4432
1884
1249
4556
5138
7894
7492
3309
2626
5640
 487
3996
2424
4468
3950
  33
7732
3234
3629
5262
4532
7307
7711
4306
8018
7491
6036
2805
1482
6895
4217
1401
2577
5242
1678
2004
5174
1311
3737
3909
2502
 307
3126
1315
5105
5129
3698
7888
 964
1032
4054
2357
3495
6928
7225
7046
3238
8121
3403
1416
2538
1228
1491
5400
7139
8138
5899
 199
7810
2842
6733
1221
6358
 927
7742
4334
5999
 796
6877
1339
 973
7106
 959
5508
4977
7198
5075
 278
2104
7730
1843
1650
 327
3903
5184
6590
7794
 971
 804
2818
7763
1781
7423
2180
7427
7344
5069
7452
6444
3829
2116
 555
5318
5943
2840
5671
8137
4214
 511
2564
1234
5571
 481
2666
5925
7505
2181
2146
1689
2515
6422
1026
5795
7720
 217
 763
5295
6675
4429
1113
6668
3532
1763
4747
7262
3573
3978
2602
1465
1291
 618
 104
3212
1845
4974
2455
5780
7979
3626
7252
7963
1839
5175
2222
1891
7023
3054
7555
7520
5230
7282
2541
1536
4035
6677
8013
6355
5963
5578
4616
7056
6458
5735
2228
6563
1261
6721
 162
4875
3791
3648
 536
6798
 906
5698
4870
4766
3577
2765
7617
5696
3815
1573
3496
6656
5524
 134
6398
 860
1539
4091
7996
2275
5745
2276
4659
 643
4637
4950
3513
1391
4368
4995
5851
4085
6545
2389
1948
 187
3976
3625
4533
3193
 938
6919
1483
 446
2403
6739
6243
3569
 822
7458
2334
 675
5179
3905
4363
6117
3711
4834
5957
 242
6554
8005
1495
1899
5376
2914
 696
4760
1403
6481
2136
5222
1745
  25
4278
 451
5148
5003
4839
 875
7153
4489
4924
1496
6834
 335
5072
7993
 766
1773
5912
1699
2869
3824
6950
3083
2124
1527
4352
6012
1708
2635
5866
3046
7626
2230
2935
6525
7743
1242
1267
7643
6163
5857
2738
2343
4716
6966
1409
1881
1729
3035
2060
 847
1301
5493
2020
1209
2088
7903
6448
6371
3492
2899
6157
1034
5042
7767
2068
5714
6120
5338
8104
1523
1457
6055
6483
2461
7308
7860
7868
4980
6642
3945
5173
4574
8179
6938
 793
 368
6713
  78
7524
2315
3165
 515
7086
6805
4277
7825
 269
1833
5793
5675
6991
1868
5370
7349
7081
4148
7500
7184
5573
3956
1375
3265
4812
 879
  83
2414
3968
5890
 884
3516
4185
 960
1695
6018
5861
5627
5846
1489
1804
2256
5043
5967
7411
7000
3049
1488
6610
6029
8046
 961
8191
6316
6654
3293
3348
 712
2698
3785
4657
4230
6688
4576
3088
7220
1861
6322
 679
5880
 747
5643
1662
 780
4982
4168
4360
1384
 816
8001
6839
3071
 587
6131
2713
 542
3932
6909
3431
7461
7156
4416
5057
1045
7487
2710
5750
4654
2946
6211
5808
6497
1502
5418
 778
5320
4992
1740
 148
4714
 408
4001
7386
7719
 913
 476
3426
6787
1791
3222
2817
5625
6817
1190
6265
4466
8035
2399
1644
1027
7823
3478
3538
7745
1318
7922
5206
1185
5149
1585
1834
2949
4838
8025
7789
6625
 854
7938
 226
2865
7353
6270
6171
7462
1807
2265
1588
2259
 473
4830
1951
3618
1302
1148
4196
1567
4753
2821
7959
5897
1643
2894
1467
2170
5528
 572
1184
7627
3361
6594
1942
7336
7174
3530
1854
5736
6242
6959
6175
4167
 480
4188
3750
4993
1017
4395
1435
5702
1347
4938
 603
6931
3245
3057
6541
5140
5592
1437
2132
4885
8102
3581
4270
7690
 230
3507
2687
1602
7850
1872
3467
 351
7448
3936
4515
4145
1304
3846
1001
5492
2815
 585
 517
6993
7814
4247
5329
7502
 144
4362
5631
1120
5689
4932
1275
6748
5449
4138
 184
5372
1393
2673
6282
 871
3942
2813
1418
7761
4323
3979
 411
1630
7895
6428
1770
4778
7880
 703
7983
5767
4498
6493
4667
1404
4074
6124
1704
1106
3441
2807
6072
7526
 423
5954
4206
4721
6553
5346
1152
1530
3758
7439
3038
1615
8131
7294
2829
3756
6946
4279
1851
4880
2337
2428
6132
7407
 450
4847
2109
 885
7543
6257
4463
4260
4158
5307
1931
1395
7460
2144
6936
1508
7177
5176
4390
8184
5311
6639
 863
6323
1454
2034
6760
7311
3931
3051
6112
5733
2158
7399
5950
3386
1968
6932
6166
7583
1673
5212
4037
 143
1696
 981
4642
 578
3611
8152
6618
 935
7146
1373
5331
4407
2970
4101
5779
5666
6897
6697
6196
7165
6647
 764
4162
5519
1560
7334
 313
5112
5956
6646
3249
3632
 658
1129
 991
6394
4255
7901
2621
2216
7417
3943
1381
4570
5646
 923
5652
4186
7566
6436
2112
5782
8171
6612
4380
8176
2038
4102
5289
 154
3869
1218
6482
4267
6200
1977
5568
1547
6134
2516
7160
 656
1756
7995
5437
4106
 486
3170
1463
4210
5728
2292
2014
6278
3679
 406
 768
 505
1997
1388
6499
6226
7917
2386
 277
1865
 974
3615
3844
8058
6407
3506
 173
3857
6367
6244
6951
 305
5405
 341
3418
3372
6791
6283
8170
4251
 251
6684
4797
7182
7603
3460
3904
4294
1943
4190
 635
3151
4318
7987
4862
4855
 482
6806
4166
1327
7204
3763
1682
4691
6653
4795
5186
7073
1355
5276
4793
2555
7661
1592
5863
6622
3364
3424
3541
4355
1620
1163
1852
7341
  86
7380
3774
2864
7463
1830
 682
7514
6162
1754
2700
6544
1857
7176
4840
5864
3704
4345
2044
3224
6692
7669
3955
2217
7151
7132
2642
5213
8078
 123
6962
6831
5936
2127
2816
7080
2308
4780
3011
 429
1726
2244
3740
2850
7689
 414
2353
8015
1176
7406
 350
2709
6724
 788
8167
4863
7140
7065
6505
1864
5647
1642
2776
6619
4405
5101
1259
1675
 819
1559
2137
1512
6566
  84
7859
6835
3653
7331
2492
 659
4856
5563
5272
5939
6867
7488
7357
4853
7352
4410
4773
4280
1174
6728
3865
5853
 297
4787
8130
5362
3106
1492
2165
4052
4376
4802
1344
1102
4966
3548
2463
 709
7937
 386
5384
1116
4366
4934
3349
7303
7589
1902
3799
2519
7157
5566
1248
3973
1825
 708
5980
7310
4775
2093
6129
3579
2363
 984
5607
1158
5219
7020
1813
3605
3526
5317
7808
6300
5553
7704
5931
2759
 103
8192
5992
3261
5285
5905
 373
5669
1641
1681
2895
5590
1841
1909
6267
 727
 283
3267
5833
1351
5470
8165
5336
5028
3723
6709
5145
1635
1031
1200
1789
3401
6850
5229
4388
 525
2050
4024
7166
3043
1659
7510
6241
 812
2653
 576
1459
4358
7619
7314
2091
2040
8106
6304
7116
2651
6352
3871
7966
2876
1241
3239
6823
5819
3634
3359
7887
2960
4201
1453
 358
 153
1012
4430
7387
4567
 831
1010
2350
3256
 363
6509
3709
7285
6115
6223
2784
7665
 109
3153
 281
7552
7438
2826
1273
4726
3108
6528
5250
5312
1777
4762
7185
1762
6759
1554
1670
1937
6193
5532
4810
7857
5664
7733
6961
4764
7045
5559
7931
2513
1955
 182
5178
3667
7474
4646
2078
5041
7083
5306
5947
6722
1686
3203
6729
4884
1608
4090
7039
4371
3803
5031
6694
4960
 139
6955
6390
4769
6260
2356
7976
 986
1192
6997
6087
6786
8096
1272
4046
5342
7467
6274
2169
3001
3068
1799
6718
1214
6435
4062
5989
6191
5614
2521
5830
1270
5316
5807